5.293610692024230957e-02
6.418733298778533936e-02
5.273132026195526123e-02
5.084487423300743103e-02
5.969065427780151367e-02
3.976012393832206726e-02
1.296106819063425064e-02
3.601609542965888977e-02
3.198795393109321594e-02
4.078429564833641052e-02
5.294432118535041809e-02
4.668072611093521118e-02
6.097216531634330750e-02
3.719631209969520569e-02
4.235556721687316895e-02
3.168470039963722229e-02
3.362403064966201782e-02
1.689842087216675282e-03
7.130356132984161377e-02
1.679860800504684448e-02
3.369789943099021912e-02
3.038885630667209625e-02
1.941902562975883484e-02
3.770416602492332458e-02
4.871552437543869019e-02
2.788857743144035339e-02
3.217795118689537048e-02
6.278388202190399170e-02
5.097529292106628418e-02
4.961546510457992554e-02
9.812679141759872437e-03
5.647600628435611725e-04
3.049616888165473938e-02
2.566842176020145416e-02
1.326344348490238190e-02
3.336203098297119141e-02
4.637405741959810257e-03
1.623274013400077820e-02
8.460392244160175323e-03
3.900901600718498230e-02
7.409884594380855560e-03
3.657119115814566612e-03
8.876619860529899597e-03
7.363009732216596603e-03
1.097742095589637756e-02
3.434426151216030121e-03
1.199175696820020676e-02
1.864244602620601654e-02
3.430688055232167244e-03
1.057780534029006958e-02
8.227425627410411835e-03
9.184687398374080658e-03
1.730762980878353119e-02
7.401859853416681290e-03
4.611738491803407669e-03
6.232367828488349915e-03
1.722954586148262024e-02
4.578393325209617615e-02
4.097367450594902039e-02
6.285461038351058960e-02
2.642905898392200470e-02
4.685387387871742249e-02
4.730926081538200378e-02
2.761497721076011658e-02
1.709841564297676086e-02
3.989499434828758240e-02
2.625864557921886444e-02
1.678423397243022919e-02
2.552620507776737213e-02
1.356638409197330475e-02
4.841790534555912018e-03
1.436827424913644791e-02
3.145762905478477478e-02
1.724738068878650665e-02
3.678487986326217651e-02
4.308912158012390137e-02
1.633062260225415230e-03
2.872899174690246582e-02
1.179365254938602448e-02
6.875615566968917847e-03
2.204651758074760437e-02
5.382680799812078476e-03
1.260647829622030258e-02
2.186695672571659088e-02
5.081687122583389282e-02
1.781603880226612091e-02
5.593033041805028915e-03
1.761601120233535767e-02
4.149037227034568787e-02
2.167541719973087311e-02
1.430067792534828186e-02
1.825873623602092266e-03
1.477956771850585938e-02
3.573926910758018494e-02
3.783451020717620850e-02
1.420729211531579494e-03
3.386828815564513206e-03
1.455194875597953796e-02
9.449615143239498138e-03
3.529729694128036499e-02
2.586338296532630920e-02
4.790956899523735046e-02
8.364088833332061768e-02
1.084099430590867996e-02
2.512221410870552063e-02
2.742255292832851410e-02
2.150116488337516785e-02
3.898655623197555542e-02
7.618720992468297482e-04
5.610357969999313354e-03
4.729988519102334976e-03
1.542093232274055481e-02
1.816025376319885254e-02
2.347291260957717896e-02
1.897292211651802063e-02
4.213314875960350037e-02
9.407534264028072357e-03
4.404773190617561340e-02
2.378488657996058464e-03
1.156867295503616333e-02
2.529640868306159973e-02
1.351642236113548279e-02
1.908531039953231812e-02
3.537217155098915100e-02
6.105694919824600220e-03
9.732852689921855927e-03
4.906591027975082397e-03
2.965149097144603729e-02
5.869594961404800415e-02
5.584373697638511658e-02
8.410174399614334106e-02
9.782268851995468140e-02
6.106377765536308289e-02
2.181527577340602875e-02
2.274425514042377472e-02
3.460421413183212280e-02
8.343912661075592041e-03
5.551308020949363708e-02
5.558620765805244446e-02
4.998885840177536011e-02
2.899169549345970154e-02
1.305316854268312454e-02
5.955516360700130463e-03
1.459354441612958908e-02
1.572589203715324402e-02
1.383050158619880676e-02
3.454848751425743103e-02
6.139123812317848206e-02
3.045936115086078644e-02
4.108911845833063126e-03
7.504893466830253601e-03
2.493862435221672058e-02
4.853476956486701965e-02
2.652931772172451019e-02
3.960529342293739319e-03
6.586744915693998337e-03
3.171271528117358685e-04
5.112780258059501648e-02
1.057033799588680267e-02
2.230819081887602806e-03
4.366819933056831360e-02
1.168758887797594070e-02
3.014976717531681061e-02
4.431924968957901001e-02
5.278901010751724243e-02
6.071721762418746948e-02
7.272600196301937103e-03
4.839036986231803894e-02
5.244689434766769409e-02
3.812922537326812744e-02
8.492056280374526978e-03
3.038240596652030945e-02
1.923662982881069183e-02
3.924247249960899353e-02
8.205678313970565796e-03
2.874719537794589996e-02
2.697479166090488434e-02
1.227321662008762360e-02
1.224678661674261093e-02
5.388797726482152939e-04
3.374583646655082703e-02
5.650377646088600159e-02
5.965935438871383667e-02
4.154909029603004456e-02
4.477271065115928650e-02
1.752994209527969360e-02
3.816002747043967247e-03
7.354388013482093811e-03
5.095154047012329102e-04
4.444687440991401672e-02
4.270787164568901062e-02
1.681447401642799377e-02
1.390466187149286270e-02
7.697635330259799957e-03
8.432288654148578644e-03
1.210461929440498352e-02
2.246649377048015594e-02
3.370330855250358582e-02
5.330171436071395874e-03
2.346031181514263153e-02
1.553850434720516205e-02
4.805605858564376831e-03
1.404524967074394226e-02
2.694174088537693024e-02
2.475829422473907471e-02
6.870176177471876144e-03
2.357003651559352875e-02
6.281003821641206741e-03
2.376421540975570679e-02
4.422932397574186325e-03
1.332505885511636734e-02
1.260108035057783127e-02
2.044184831902384758e-03
5.343914963304996490e-03
2.631356706842780113e-03
9.714569314382970333e-04
3.292138129472732544e-02
8.307597599923610687e-03
2.185857295989990234e-02
5.203186883591115475e-04
4.655554424971342087e-03
5.880957935005426407e-03
3.855914250016212463e-02
2.880681864917278290e-02
1.399706397205591202e-02
1.911967992782592773e-03
1.050197985023260117e-02
3.476969152688980103e-02
3.267769934609532356e-03
1.257352181710302830e-03
2.737834490835666656e-02
3.541375324130058289e-02
4.359076172113418579e-02
4.119798541069030762e-03
1.350643020123243332e-02
4.132074117660522461e-02
7.256575627252459526e-04
7.380096241831779480e-03
2.620573155581951141e-02
3.341706097126007080e-02
1.505265012383460999e-02
1.883783005177974701e-02
9.550222195684909821e-03
1.361089292913675308e-02
4.555355757474899292e-02
3.397715277969837189e-03
3.280220553278923035e-02
2.827764675021171570e-02
2.937895245850086212e-02
1.081131747923791409e-03
3.806432709097862244e-03
8.474498055875301361e-03
3.089603595435619354e-02
1.327200140804052353e-02
3.327897936105728149e-02
5.468910932540893555e-02
1.657591760158538818e-02
3.011582652106881142e-03
2.770549431443214417e-02
4.102485254406929016e-02
1.352017186582088470e-02
8.885947056114673615e-03
4.082564637064933777e-02
4.397902172058820724e-03
1.356941927224397659e-02
2.381459809839725494e-02
2.421044185757637024e-02
1.076897699385881424e-02
3.933721035718917847e-02
2.067219279706478119e-02
2.577148377895355225e-02
8.982475264929234982e-04
6.375198066234588623e-02
5.204936116933822632e-02
8.332327008247375488e-02
4.499097168445587158e-02
4.285461455583572388e-02
1.949207857251167297e-02
2.857974730432033539e-03
1.192700210958719254e-02
7.005088031291961670e-02
5.912053212523460388e-02
5.469822511076927185e-02
4.879829660058021545e-02
1.950786076486110687e-02
5.668677762150764465e-02
5.638772994279861450e-02
8.271341212093830109e-03
1.340509112924337387e-02
5.129659082740545273e-03
1.355234812945127487e-02
3.874842077493667603e-02
1.513838581740856171e-02
1.101856236346065998e-03
1.520450343377888203e-03
1.255692075937986374e-02
4.108338803052902222e-02
2.613719925284385681e-02
2.384361810982227325e-02
2.195931598544120789e-02
2.869393862783908844e-02
1.620430313050746918e-02
1.658209785819053650e-02
1.133719342760741711e-03
1.738080568611621857e-02
7.941049337387084961e-02
4.108933731913566589e-02
4.192116670310497284e-03
5.743495188653469086e-03
1.860255561769008636e-02
1.395397703163325787e-03
7.415898289764299989e-05
1.806283555924892426e-02
5.350164696574211121e-02
5.130968615412712097e-02
2.643851749598979950e-02
1.154457218945026398e-02
3.123580478131771088e-02
4.952911753207445145e-03
6.937253754585981369e-03
4.449979588389396667e-02
2.156169153749942780e-02
3.533600270748138428e-02
3.138818591833114624e-02
1.106773689389228821e-02
3.669176250696182251e-03
7.445744704455137253e-03
4.003453999757766724e-02
1.268599648028612137e-02
9.790338575839996338e-03
1.379535533487796783e-02
4.448831547051668167e-03
5.925640836358070374e-02
1.094509940594434738e-02
2.990223094820976257e-02
5.454897764138877392e-04
1.036230474710464478e-02
3.946331888437271118e-02
7.485481444746255875e-03
1.997613161802291870e-02
3.461739793419837952e-02
2.749500982463359833e-02
3.122554346919059753e-02
2.230034768581390381e-02
2.540147677063941956e-02
2.112103998661041260e-02
7.868035696446895599e-03
6.459607393480837345e-04
9.578718454577028751e-04
3.167350962758064270e-02
3.377017378807067871e-02
6.671118550002574921e-03
3.744169324636459351e-02
2.693141251802444458e-02
1.052038557827472687e-02
4.622232913970947266e-02
1.150731146335601807e-01
5.237277597188949585e-02
2.128192223608493805e-02
1.130185052752494812e-01
2.078971639275550842e-02
5.276132375001907349e-02
4.126935824751853943e-02
4.350111819803714752e-03
2.967225015163421631e-02
2.146687731146812439e-02
1.197812240570783615e-02
5.459649860858917236e-02
3.439335525035858154e-02
5.287365987896919250e-02
4.319402575492858887e-02
2.981887757778167725e-02
2.725422196090221405e-02
3.780794516205787659e-02
4.066953435540199280e-02
1.048197671771049500e-01
4.422945858095772564e-05
1.243452169001102448e-02
4.291445389389991760e-02
1.801010593771934509e-02
3.214147314429283142e-02
2.088788431137800217e-03
1.932326704263687134e-02
5.682890862226486206e-02
2.351551502943038940e-02
4.728490114212036133e-02
1.126354932785034180e-02
3.162694722414016724e-02
7.053017150610685349e-03
5.622756667435169220e-03
2.755610086023807526e-02
5.995606631040573120e-02
6.607770919799804688e-02
1.280142925679683685e-03
2.091720141470432281e-02
1.225837878882884979e-02
2.343627996742725372e-02
3.117578336969017982e-03
1.814508810639381409e-02
8.496320247650146484e-02
4.686704277992248535e-02
5.063480883836746216e-02
4.140127450227737427e-03
1.513409893959760666e-02
1.177367754280567169e-03
9.304559789597988129e-03
3.045101836323738098e-02
1.012413576245307922e-01
2.977773174643516541e-02
2.109266817569732666e-02
3.517569974064826965e-02
2.903367578983306885e-02
3.854119777679443359e-02
1.993943564593791962e-02
9.676276822574436665e-04
3.137887641787528992e-02
9.554255753755569458e-03
2.058720961213111877e-02
1.085223816335201263e-02
3.175931796431541443e-02
5.176194384694099426e-02
4.235827550292015076e-02
2.505232021212577820e-02
4.604345187544822693e-03
3.566400334239006042e-02
5.041666328907012939e-02
2.912950515747070312e-02
1.028759311884641647e-02
1.939857378602027893e-02
2.019308507442474365e-02
2.239912189543247223e-02
5.996477790176868439e-03
1.673941127955913544e-02
3.258205484598875046e-03
4.389326646924018860e-02
2.793103083968162537e-02
1.390490587800741196e-02
5.581792909651994705e-03
3.868435043841600418e-03
2.084833383560180664e-02
1.363389380276203156e-02
4.766339901834726334e-03
2.616428397595882416e-02
1.044977083802223206e-02
1.531557552516460419e-02
1.737905852496623993e-02
8.120576851069927216e-03
1.057119201868772507e-02
3.563528181985020638e-03
1.744877174496650696e-02
1.181461475789546967e-02
6.451642606407403946e-03
5.162083730101585388e-02
1.828361302614212036e-02
2.583706565201282501e-02
2.052112482488155365e-02
4.326228052377700806e-02
9.953568689525127411e-03
1.625075191259384155e-02
4.250448569655418396e-02
2.862055553123354912e-03
1.702194102108478546e-02
3.181592328473925591e-03
2.865295670926570892e-02
3.978492692112922668e-02
6.405356805771589279e-03
8.543886244297027588e-03
2.399179898202419281e-02
7.248179055750370026e-03
2.910822862759232521e-03
2.332530915737152100e-03
4.339512437582015991e-02
1.542667672038078308e-02
3.684899583458900452e-02
4.831249639391899109e-02
2.753522992134094238e-02
2.677508629858493805e-03
1.882389374077320099e-02
1.114411093294620514e-02
5.469013471156358719e-03
9.376206994056701660e-02
1.663229987025260925e-02
2.365454100072383881e-02
2.038350887596607208e-02
9.798089042305946350e-03
1.638737507164478302e-02
9.454828687012195587e-03
7.179889082908630371e-02
2.875098586082458496e-02
7.373011903837323189e-04
2.927764877676963806e-02
1.686438452452421188e-03
6.039316952228546143e-02
2.226736769080162048e-02
1.866560988128185272e-02
9.830296039581298828e-03
5.400186404585838318e-03
8.100720122456550598e-03
3.964054398238658905e-03
1.345890481024980545e-02
4.637669771909713745e-02
9.202318266034126282e-03
3.733002021908760071e-02
4.340982064604759216e-02
5.121969152241945267e-03
4.326737951487302780e-03
2.748794853687286377e-02
1.718366891145706177e-02
1.032950449734926224e-02
2.719218900892883539e-04
5.457114428281784058e-03
3.373049944639205933e-02
4.955986514687538147e-02
5.341614410281181335e-02
6.965601444244384766e-02
4.377740621566772461e-02
2.004949375987052917e-02
2.498871646821498871e-02
2.688939683139324188e-02
4.193795030005276203e-04
4.180562496185302734e-02
3.414499759674072266e-02
4.759031906723976135e-02
3.924625739455223083e-02
1.044495869427919388e-02
1.960184425115585327e-02
2.842089720070362091e-02
5.838619545102119446e-04
4.111835360527038574e-02
7.273234426975250244e-02
4.229128733277320862e-02
3.601227328181266785e-02
3.093485429417341948e-04
1.544236298650503159e-02
1.211418397724628448e-02
2.418691478669643402e-02
5.578743759542703629e-03
3.324241191148757935e-02
2.044257149100303650e-02
3.799217939376831055e-02
2.924359403550624847e-02
4.694090224802494049e-03
1.413776725530624390e-02
4.073935002088546753e-02
2.425841428339481354e-02
2.176139503717422485e-03
4.003677051514387131e-03
1.657787337899208069e-02
7.026395294815301895e-03
1.700373366475105286e-02
9.598911739885807037e-03
6.473154574632644653e-02
2.127953246235847473e-02
1.934992522001266479e-02
1.469890959560871124e-02
8.914420381188392639e-03
6.147028878331184387e-03
9.677121415734291077e-03
2.269716002047061920e-03
4.625128954648971558e-02
5.022234097123146057e-02
5.923709366470575333e-03
1.170583907514810562e-02
3.105465695261955261e-02
2.427108772099018097e-02
2.919245511293411255e-02
8.758122101426124573e-03
4.631555080413818359e-02
5.545082036405801773e-03
2.846328355371952057e-02
1.200669165700674057e-02
1.331237331032752991e-02
7.240506820380687714e-03
5.943194497376680374e-03
1.935267448425292969e-02
6.460965424776077271e-02
3.727773949503898621e-02
2.059515006840229034e-02
9.987633675336837769e-03
4.825848340988159180e-02
5.495972931385040283e-02
4.613046348094940186e-02
6.553316488862037659e-03
8.082851022481918335e-02
1.582738198339939117e-02
1.167541183531284332e-02
8.695244789123535156e-03
1.320874877274036407e-02
2.286899648606777191e-02
3.880549594759941101e-02
6.381538230925798416e-03
3.544839471578598022e-02
2.920485101640224457e-02
2.055034786462783813e-02
1.586584933102130890e-02
1.911967759951949120e-03
5.243795365095138550e-02
2.004591003060340881e-02
2.206204086542129517e-02
4.337820410728454590e-02
1.884343475103378296e-02
1.613806746900081635e-02
2.298565022647380829e-02
2.754448354244232178e-02
3.938288986682891846e-02
1.163968164473772049e-02
2.274583280086517334e-02
3.264074400067329407e-02
9.893989190459251404e-03
1.861304603517055511e-02
5.860656965523958206e-03
5.197965353727340698e-02
8.569931611418724060e-03
2.625659108161926270e-03
1.625709235668182373e-02
1.364428363740444183e-02
9.567317552864551544e-03
4.580459557473659515e-03
2.370732836425304413e-02
3.578748088330030441e-03
8.167603984475135803e-03
3.992297686636447906e-03
1.871353387832641602e-02
3.756980970501899719e-02
2.940141595900058746e-03
3.216138854622840881e-02
1.099665649235248566e-02
2.011138945817947388e-02
2.549828961491584778e-02
5.233534146100282669e-03
2.363831968978047371e-03
2.963466569781303406e-02
5.221306812018156052e-03
3.907961398363113403e-02
3.782676905393600464e-02
2.958412840962409973e-02
3.258244693279266357e-02
1.253805682063102722e-02
8.028604090213775635e-03
1.338043436408042908e-02
9.738317131996154785e-02
2.632728405296802521e-02
8.910169824957847595e-03
5.007095751352608204e-04
1.828321255743503571e-02
2.814732491970062256e-02
2.662264183163642883e-02
2.994240447878837585e-02
4.632864519953727722e-02
1.563941012136638165e-03
1.619041338562965393e-02
1.148270629346370697e-02
3.693544492125511169e-02
2.200897037982940674e-02
7.995351217687129974e-03
3.589144721627235413e-02
1.116288155317306519e-01
9.728886187076568604e-03
2.361649181693792343e-03
1.157920528203248978e-02
2.702691219747066498e-02
2.673603780567646027e-02
1.808812096714973450e-02
2.883070521056652069e-02
5.554009601473808289e-02
1.692006550729274750e-02
1.771467924118041992e-02
6.017267005518078804e-04
1.881348714232444763e-02
3.263573162257671356e-03
2.659799298271536827e-03
7.736532948911190033e-03
6.644209474325180054e-02
6.940329819917678833e-02
3.640975058078765869e-02
4.208194836974143982e-02
7.847113162279129028e-02
2.102272026240825653e-02
2.793725021183490753e-02
5.969910323619842529e-02
1.923131942749023438e-02
3.177149593830108643e-02
3.127753501757979393e-03
9.130785241723060608e-03
2.371730096638202667e-02
2.370999753475189209e-02
2.625169605016708374e-02
1.763691566884517670e-02
3.704542294144630432e-02
2.078703045845031738e-02
1.118384767323732376e-03
9.328234009444713593e-03
1.571584492921829224e-02
8.522979915142059326e-03
1.272182166576385498e-02
2.996978163719177246e-02
6.913741677999496460e-02
1.823262497782707214e-02
1.203345507383346558e-02
2.138995565474033356e-02
8.377547375857830048e-03
1.001098286360502243e-02
1.569942571222782135e-02
3.610505908727645874e-02
2.446747943758964539e-02
2.941283956170082092e-02
1.371821202337741852e-02
2.903522178530693054e-02
2.322461688891053200e-03
7.799495011568069458e-03
1.820557005703449249e-02
3.592373430728912354e-02
2.581688202917575836e-02
1.538125518709421158e-02
3.218493948224931955e-04
9.705939330160617828e-03
1.961815916001796722e-02
2.552859298884868622e-02
3.795440122485160828e-02
2.459498681128025055e-02
2.987251244485378265e-02
2.984604053199291229e-02
1.037079561501741409e-02
1.872365549206733704e-02
4.382078535854816437e-03
2.731386758387088776e-02
3.154441341757774353e-02
2.320618741214275360e-02
5.706454068422317505e-02
5.710076168179512024e-02
1.152264326810836792e-02
8.590132929384708405e-03
1.626586169004440308e-02
3.675431758165359497e-02
2.825391106307506561e-02
6.810638587921857834e-03
6.596738100051879883e-02
4.023763909935951233e-02
2.453350834548473358e-02
7.524679601192474365e-02
4.447978734970092773e-02
2.377567440271377563e-02
8.430279791355133057e-03
1.722538657486438751e-02
2.904533594846725464e-02
2.340103313326835632e-02
6.413327157497406006e-02
4.171518143266439438e-03
1.457198616117238998e-02
2.649804810062050819e-04
1.754284894559532404e-04
2.657751785591244698e-03
5.303687416017055511e-03
1.955313608050346375e-03
2.918154001235961914e-02
2.132840454578399658e-02
1.931029604747891426e-03
4.942864179611206055e-02
9.174604900181293488e-03
3.566186502575874329e-02
1.716146245598793030e-02
1.020961813628673553e-02
2.499553374946117401e-02
1.266805641353130341e-02
7.289902307093143463e-03
3.589913621544837952e-02
2.655794378370046616e-03
3.281756117939949036e-02
1.283180899918079376e-02
1.950561814010143280e-02
4.426486045122146606e-02
1.723698154091835022e-02
4.828921984881162643e-03
4.524271003901958466e-03
1.221132650971412659e-02
6.481388211250305176e-02
9.046831168234348297e-03
3.271313384175300598e-02
3.715312108397483826e-02
1.256249099969863892e-02
2.230744063854217529e-02
1.630919426679611206e-02
7.857522927224636078e-03
3.225103765726089478e-02
6.010754499584436417e-03
3.370123740751296282e-04
2.080800331896170974e-04
2.269609831273555756e-02
1.913302578032016754e-03
4.303745180368423462e-02
2.025576122105121613e-02
3.719720290973782539e-03
4.993231967091560364e-03
1.019185408949851990e-02
1.653653196990489960e-02
1.073968410491943359e-02
1.518143061548471451e-02
2.039415761828422546e-02
4.075721651315689087e-02
1.099662669003009796e-02
2.760476060211658478e-02
3.854009509086608887e-02
2.298511750996112823e-02
6.344531476497650146e-02
5.482536181807518005e-02
4.483670368790626526e-02
2.785872854292392731e-02
3.400899842381477356e-02
2.371431794017553329e-03
3.821719670668244362e-03
9.241131134331226349e-03
6.444370746612548828e-02
1.603553257882595062e-02
9.510824456810951233e-03
2.462037140503525734e-03
3.965073265135288239e-03
3.155293315649032593e-02
2.394939772784709930e-02
4.877477139234542847e-02
6.993595510721206665e-02
4.754618555307388306e-02
9.341288357973098755e-03
5.304987542331218719e-03
2.724112197756767273e-02
1.293385215103626251e-02
9.686999022960662842e-03
2.382891997694969177e-02
3.097500279545783997e-02
2.557094395160675049e-02
2.472931705415248871e-02
4.547900054603815079e-03
3.410141449421644211e-03
1.344134099781513214e-02
1.524367369711399078e-03
1.849464885890483856e-02
1.697614975273609161e-02
1.448354311287403107e-02
1.010484434664249420e-02
2.648499794304370880e-02
2.070341259241104126e-02
1.320317736826837063e-03
3.348604217171669006e-02
3.745276108384132385e-02
1.800695061683654785e-02
1.195011194795370102e-02
3.320035710930824280e-02
2.679069899022579193e-02
1.449002884328365326e-02
1.686035189777612686e-03
1.592624373733997345e-02
2.337148785591125488e-02
1.760066486895084381e-02
2.860110998153686523e-02
4.205655306577682495e-03
7.653675507754087448e-03
9.298165678046643734e-04
1.185815432108938694e-03
2.131850272417068481e-02
4.505339544266462326e-03
3.123250091448426247e-03
1.362724974751472473e-02
1.587915234267711639e-02
3.291376633569598198e-03
1.335106883198022842e-02
4.068357497453689575e-02
2.899892069399356842e-02
4.570001363754272461e-02
6.630314141511917114e-02
4.452142864465713501e-02
1.768437214195728302e-02
1.972065307199954987e-02
6.873303651809692383e-02
1.735525391995906830e-02
3.715249896049499512e-02
1.560897566378116608e-02
1.991905272006988525e-02
1.717223785817623138e-02
3.590132296085357666e-02
4.282769188284873962e-02
7.113529741764068604e-02
7.408763468265533447e-02
5.793822929263114929e-04
1.738357357680797577e-02
2.275272086262702942e-02
2.893059980124235153e-03
4.090899974107742310e-02
4.056255519390106201e-02
6.576424092054367065e-02
7.801015675067901611e-02
2.786289155483245850e-02
2.669592387974262238e-02
1.606839825399219990e-03
3.029719926416873932e-02
1.694117486476898193e-02
2.691026963293552399e-02
4.746032878756523132e-02
5.221545696258544922e-03
4.055972397327423096e-02
3.070411458611488342e-02
2.895381674170494080e-02
7.260508369654417038e-03
1.321101281791925430e-02
1.846932107582688332e-03
2.007810585200786591e-02
1.522999629378318787e-02
4.619159549474716187e-02
4.262404050678014755e-03
2.756730280816555023e-02
2.465510554611682892e-02
2.171261468902230263e-03
6.245120894163846970e-03
6.240107119083404541e-03
4.300310835242271423e-02
1.796158775687217712e-02
4.170155897736549377e-02
2.188298385590314865e-03
2.053954871371388435e-03
1.086188666522502899e-02
6.283021066337823868e-03
3.266076557338237762e-03
2.604021690785884857e-02
1.155522372573614120e-02
1.262276433408260345e-02
1.852299459278583527e-02
1.566149760037660599e-03
8.368744514882564545e-03
3.601671895012259483e-03
1.303650438785552979e-02
4.182184860110282898e-02
6.840249057859182358e-03
6.362070143222808838e-02
3.450475865975022316e-03
1.978972740471363068e-02
2.286564558744430542e-02
4.097142443060874939e-02
2.586615271866321564e-02
2.884688042104244232e-02
6.286097224801778793e-03
3.050340153276920319e-02
1.578026078641414642e-02
1.594418846070766449e-02
1.640547811985015869e-02
3.109641186892986298e-02
2.771044336259365082e-02
3.147532418370246887e-02
2.743241377174854279e-02
1.459663826972246170e-02
2.932877466082572937e-02
1.995923370122909546e-02
1.237627817317843437e-03
4.136664327234029770e-03
2.547553367912769318e-02
2.585539408028125763e-02
1.538296230137348175e-02
6.877551320940256119e-03
2.579394169151782990e-02
3.764256834983825684e-02
1.009388870443217456e-05
2.513787709176540375e-02
6.979300826787948608e-02
5.028844624757766724e-02
1.338873431086540222e-02
1.377210253849625587e-03
1.721998862922191620e-02
3.889883309602737427e-02
4.368270188570022583e-02
3.246546257287263870e-03
2.393446676433086395e-02
4.762737546116113663e-03
2.055468410253524780e-02
1.461546681821346283e-02
6.006936356425285339e-02
3.611515043303370476e-03
1.495813857764005661e-02
3.140668198466300964e-02
8.676828583702445030e-04
3.160272911190986633e-02
3.093645349144935608e-02
2.315082401037216187e-02
4.165571182966232300e-02
5.617536138743162155e-03
1.834258623421192169e-02
4.009286873042583466e-03
2.148182317614555359e-02
1.792839355766773224e-02
2.848507091403007507e-02
5.179645959287881851e-04
1.309333834797143936e-02
6.967095658183097839e-03
7.463963702321052551e-03
2.551826462149620056e-02
7.642958313226699829e-03
7.798622548580169678e-02
6.978311389684677124e-02
3.380139917135238647e-02
6.312592327594757080e-02
6.978311389684677124e-02
5.622832477092742920e-02
6.696475297212600708e-02
2.883348055183887482e-02
5.802768841385841370e-02
2.772719413042068481e-02
3.095773980021476746e-02
5.234970524907112122e-02
2.732210420072078705e-02
2.402449585497379303e-02
3.097821027040481567e-03
3.848272189497947693e-02
3.920626640319824219e-02
5.976704508066177368e-02
4.339162260293960571e-02
7.002893090248107910e-02
3.985913842916488647e-02
4.384762421250343323e-02
1.267326902598142624e-02
2.198096737265586853e-02
4.795496165752410889e-02
4.413461685180664062e-02
6.157708540558815002e-02
6.357078254222869873e-02
4.397431761026382446e-02
4.569477587938308716e-02
4.310895502567291260e-02
2.821538038551807404e-02
