5.715555697679519653e-02
1.757872663438320160e-02
1.781311258673667908e-02
1.781311444938182831e-02
1.781311258673667908e-02
1.781311631202697754e-02
1.800238527357578278e-02
2.722086571156978607e-02
2.597269415855407715e-02
2.159713767468929291e-02
2.170461229979991913e-02
2.170461043715476990e-02
2.170461229979991913e-02
2.170461602509021759e-02
2.197182551026344299e-02
2.854257635772228241e-02
4.897694289684295654e-02
2.288744412362575531e-02
2.302706800401210785e-02
2.302706427872180939e-02
2.302706800401210785e-02
2.302706800401210785e-02
2.317846566438674927e-02
2.019133977591991425e-02
3.840052708983421326e-02
2.917729876935482025e-02
2.939424477517604828e-02
2.939424104988574982e-02
2.939424663782119751e-02
2.939424477517604828e-02
2.961657010018825531e-02
2.038902416825294495e-02
1.817939989268779755e-02
1.319291908293962479e-02
1.303914654999971390e-02
1.303914282470941544e-02
1.303914561867713928e-02
1.303914096206426620e-02
1.316606160253286362e-02
1.529122516512870789e-02
4.843426123261451721e-02
4.426849260926246643e-02
4.428134113550186157e-02
4.428134858608245850e-02
4.428134858608245850e-02
4.428134858608245850e-02
4.427595436573028564e-02
5.552200973033905029e-02
8.498521521687507629e-03
1.696251891553401947e-02
1.696652732789516449e-02
1.696652360260486603e-02
1.696652732789516449e-02
1.696652173995971680e-02
1.690025441348552704e-02
2.606878802180290222e-02
6.606046110391616821e-02
6.965368241071701050e-02
6.988152116537094116e-02
6.988152116537094116e-02
6.988152116537094116e-02
6.988152116537094116e-02
6.948174536228179932e-02
9.562314301729202271e-02
3.017600066959857941e-02
1.951971463859081268e-02
1.997659355401992798e-02
1.997659355401992798e-02
1.997659541666507721e-02
1.997659355401992798e-02
2.012244053184986115e-02
8.964539505541324615e-03
4.715318791568279266e-03
1.693697832524776459e-02
1.692364364862442017e-02
1.692364551126956940e-02
1.692364551126956940e-02
1.692364551126956940e-02
1.673977635800838470e-02
2.558411844074726105e-02
2.040760219097137451e-02
1.322914287447929382e-02
1.329089328646659851e-02
1.329089514911174774e-02
1.329089514911174774e-02
1.329089514911174774e-02
1.332766283303499222e-02
5.031569860875606537e-03
8.053771452978253365e-04
1.868996210396289825e-02
1.878049597144126892e-02
1.878049783408641815e-02
1.878049597144126892e-02
1.878049969673156738e-02
1.863197982311248779e-02
2.294033952057361603e-02
8.728298358619213104e-03
9.008036926388740540e-03
8.765201084315776825e-03
8.765199221670627594e-03
8.765199221670627594e-03
8.765201084315776825e-03
8.785854093730449677e-03
1.162924524396657944e-02
1.849886402487754822e-02
2.599828410893678665e-03
2.547018462792038918e-03
2.547019394114613533e-03
2.547019394114613533e-03
2.547017298638820648e-03
2.591611118987202644e-03
1.050866302102804184e-02
1.410095114260911942e-02
6.952818948775529861e-03
6.963114719837903976e-03
6.963114719837903976e-03
6.963112391531467438e-03
6.963112391531467438e-03
6.918884348124265671e-03
6.157814059406518936e-03
4.345517605543136597e-02
1.041521970182657242e-02
1.050202921032905579e-02
1.050203107297420502e-02
1.050203014165163040e-02
1.050203107297420502e-02
1.046408060938119888e-02
1.940109580755233765e-02
2.409598976373672485e-02
2.614330686628818512e-02
2.609113603830337524e-02
2.609113417565822601e-02
2.609113417565822601e-02
2.609113417565822601e-02
2.582015469670295715e-02
4.576727002859115601e-02
3.582631936296820641e-03
3.049781545996665955e-03
3.261037636548280716e-03
3.261039033532142639e-03
3.261039033532142639e-03
3.261035773903131485e-03
3.420095425099134445e-03
1.168014761060476303e-02
8.199905045330524445e-03
9.183231741189956665e-03
9.251481853425502777e-03
9.251481853425502777e-03
9.251483716070652008e-03
9.251481853425502777e-03
9.315172210335731506e-03
2.652139868587255478e-03
3.953368403017520905e-03
4.349018912762403488e-03
4.447176586836576462e-03
4.447174724191427231e-03
4.447177052497863770e-03
4.447174724191427231e-03
4.564411006867885590e-03
6.131059024482965469e-03
3.033263795077800751e-02
1.858786679804325104e-02
1.885983906686306000e-02
1.885983720421791077e-02
1.885983720421791077e-02
1.885983534157276154e-02
1.877700164914131165e-02
1.459631044417619705e-02
3.476122021675109863e-02
1.971114426851272583e-02
1.965303532779216766e-02
1.965303532779216766e-02
1.965302973985671997e-02
1.965303532779216766e-02
1.954134926199913025e-02
3.274295106530189514e-02
1.097004301846027374e-02
3.911207430064678192e-03
3.960516303777694702e-03
3.960516769438982010e-03
3.960518166422843933e-03
3.960514906793832779e-03
3.960915375500917435e-03
1.815492287278175354e-03
3.820323571562767029e-02
2.038544788956642151e-02
2.038169465959072113e-02
2.038169093430042267e-02
2.038168907165527344e-02
2.038169093430042267e-02
2.031817287206649780e-02
3.056211583316326141e-02
2.529722638428211212e-02
8.676582016050815582e-03
8.733240887522697449e-03
8.733240887522697449e-03
8.733240887522697449e-03
8.733240887522697449e-03
8.527409285306930542e-03
1.580702327191829681e-02
3.802815824747085571e-02
1.813222095370292664e-02
1.828146725893020630e-02
1.828146725893020630e-02
1.828146539628505707e-02
1.828146725893020630e-02
1.841480657458305359e-02
3.608662402257323265e-03
2.083298936486244202e-02
7.931117899715900421e-03
7.492092438042163849e-03
7.492094766348600388e-03
7.492093369364738464e-03
7.492092438042163849e-03
7.528528105467557907e-03
6.726021878421306610e-03
3.506167232990264893e-02
1.004065480083227158e-02
1.022031717002391815e-02
1.022031717002391815e-02
1.022031344473361969e-02
1.022031344473361969e-02
1.045365724712610245e-02
1.516740303486585617e-02
9.634018875658512115e-03
2.304161712527275085e-02
2.306431159377098083e-02
2.306431159377098083e-02
2.306431345641613007e-02
2.306431159377098083e-02
2.278609573841094971e-02
1.799926720559597015e-02
1.357486285269260406e-02
9.434218518435955048e-03
9.307434782385826111e-03
9.307430125772953033e-03
9.307431988418102264e-03
9.307430125772953033e-03
9.122845716774463654e-03
4.123495146632194519e-02
1.076278463006019592e-02
1.560560427606105804e-02
1.559341326355934143e-02
1.559341512620449066e-02
1.559341512620449066e-02
1.559341512620449066e-02
1.543319970369338989e-02
2.138003706932067871e-02
2.099914662539958954e-02
1.431293133646249771e-02
1.433135010302066803e-02
1.433134730905294418e-02
1.433135010302066803e-02
1.433134637773036957e-02
1.391612086445093155e-02
6.113441661000251770e-02
8.276121661765500903e-05
1.015543355606496334e-03
9.130397229455411434e-04
9.130384423770010471e-04
9.130384423770010471e-04
9.130384423770010471e-04
7.133496110327541828e-04
5.190116353332996368e-03
4.514109343290328979e-02
2.885242179036140442e-02
2.905682660639286041e-02
2.905682660639286041e-02
2.905682660639286041e-02
2.905682474374771118e-02
2.911585569381713867e-02
4.575978219509124756e-02
2.634529024362564087e-02
2.090939506888389587e-02
2.099857293069362640e-02
2.099856920540332794e-02
2.099857106804847717e-02
2.099857293069362640e-02
2.084380947053432465e-02
2.516776882112026215e-02
5.925381556153297424e-02
3.888305649161338806e-02
3.925869613885879517e-02
3.925869613885879517e-02
3.925869613885879517e-02
3.925869613885879517e-02
3.928003832697868347e-02
5.706400424242019653e-02
1.501250080764293671e-02
3.241473436355590820e-02
3.254187852144241333e-02
3.254187852144241333e-02
3.254187852144241333e-02
3.254187852144241333e-02
3.257591277360916138e-02
3.981962800025939941e-02
1.786753535270690918e-03
2.595529519021511078e-02
2.582945302128791809e-02
2.582945488393306732e-02
2.582945302128791809e-02
2.582944929599761963e-02
2.587387152016162872e-02
4.458814114332199097e-02
1.132313348352909088e-02
3.206837549805641174e-02
3.209992870688438416e-02
3.209992870688438416e-02
3.209992870688438416e-02
3.209992870688438416e-02
3.230413421988487244e-02
3.528542816638946533e-02
2.484525926411151886e-02
7.328620180487632751e-03
6.825002841651439667e-03
6.825007032603025436e-03
6.825006566941738129e-03
6.825003772974014282e-03
6.872351747006177902e-03
2.455629408359527588e-02
8.710299618542194366e-03
2.083167061209678650e-02
2.093820273876190186e-02
2.093820646405220032e-02
2.093820646405220032e-02
2.093820460140705109e-02
2.117136679589748383e-02
2.678390033543109894e-02
1.041956990957260132e-02
2.077987603843212128e-02
2.035978250205516815e-02
2.035978250205516815e-02
2.035978808999061584e-02
2.035978250205516815e-02
2.075217477977275848e-02
2.174876444041728973e-02
3.906549885869026184e-03
1.755673997104167938e-02
1.739439554512500763e-02
1.739439740777015686e-02
1.739439554512500763e-02
1.739439554512500763e-02
1.759975031018257141e-02
3.058751299977302551e-02
1.797541230916976929e-02
1.497056148946285248e-02
1.457894500344991684e-02
1.457894500344991684e-02
1.457894500344991684e-02
1.457894220948219299e-02
1.482203602790832520e-02
2.658384107053279877e-02
1.712937094271183014e-02
5.917631462216377258e-02
5.873421952128410339e-02
5.873422324657440186e-02
5.873422697186470032e-02
5.873422324657440186e-02
5.872214958071708679e-02
8.421640843152999878e-02
4.438111558556556702e-02
2.353448048233985901e-02
2.370431646704673767e-02
2.370432019233703613e-02
2.370431646704673767e-02
2.370432019233703613e-02
2.353114262223243713e-02
3.277792781591415405e-02
1.246996317058801651e-02
4.466336220502853394e-02
4.457465559244155884e-02
4.457465186715126038e-02
4.457465931773185730e-02
4.457465559244155884e-02
4.467854648828506470e-02
6.425020843744277954e-02
6.323985755443572998e-02
3.540571406483650208e-02
3.561433032155036926e-02
3.561433777213096619e-02
3.561433032155036926e-02
3.561433032155036926e-02
3.525795042514801025e-02
5.032958835363388062e-02
4.598077759146690369e-02
1.023505814373493195e-03
7.023982470855116844e-04
7.023991784080862999e-04
7.024010992608964443e-04
7.024030201137065887e-04
7.897692848928272724e-04
4.694882780313491821e-02
5.240470916032791138e-02
2.781648375093936920e-02
2.780611068010330200e-02
2.780611068010330200e-02
2.780610695481300354e-02
2.780610322952270508e-02
2.840507775545120239e-02
4.845278710126876831e-02
5.345088988542556763e-02
1.131534203886985779e-02
1.129159983247518539e-02
1.129159983247518539e-02
1.129159983247518539e-02
1.129159610718488693e-02
1.107498258352279663e-02
1.938198506832122803e-02
7.666856795549392700e-02
3.720412775874137878e-02
3.750788420438766479e-02
3.750788420438766479e-02
3.750788420438766479e-02
3.750788420438766479e-02
3.813913464546203613e-02
3.689789772033691406e-02
5.280022695660591125e-02
4.268339276313781738e-02
4.276226088404655457e-02
4.276226088404655457e-02
4.276225715875625610e-02
4.276226088404655457e-02
4.231580346822738647e-02
8.479239046573638916e-02
5.616730451583862305e-02
5.834005028009414673e-02
5.830750241875648499e-02
5.830750614404678345e-02
5.830750614404678345e-02
5.830750614404678345e-02
5.812484025955200195e-02
9.134770929813385010e-02
5.568397790193557739e-02
3.555123507976531982e-02
3.551167249679565430e-02
3.551166877150535583e-02
3.551166877150535583e-02
3.551166877150535583e-02
3.500205650925636292e-02
6.630808860063552856e-02
6.104231253266334534e-02
5.974380299448966980e-02
5.961758643388748169e-02
5.961759015917778015e-02
5.961758643388748169e-02
5.961758643388748169e-02
5.945910140872001648e-02
9.112738072872161865e-02
1.649835333228111267e-02
1.900441758334636688e-02
1.905521750450134277e-02
1.905521750450134277e-02
1.905521750450134277e-02
1.905522309243679047e-02
1.920135319232940674e-02
9.668770246207714081e-03
3.751659393310546875e-02
1.341345161199569702e-02
1.354272384196519852e-02
1.354272197932004929e-02
1.354272384196519852e-02
1.354272384196519852e-02
1.363998465240001678e-02
9.086823090910911560e-03
2.694870531558990479e-02
1.036822143942117691e-02
1.043957192450761795e-02
1.043957099318504333e-02
1.043957099318504333e-02
1.043957564979791641e-02
1.042554527521133423e-02
1.879997737705707550e-02
2.931496687233448029e-02
2.995864488184452057e-03
2.716280519962310791e-03
2.716277260333299637e-03
2.716278191655874252e-03
2.716280054301023483e-03
2.652012044563889503e-03
9.299868717789649963e-03
8.554545044898986816e-02
4.323381558060646057e-02
4.370599612593650818e-02
4.370599612593650818e-02
4.370599612593650818e-02
4.370599985122680664e-02
4.344505816698074341e-02
1.102322414517402649e-01
2.993563562631607056e-02
3.688191249966621399e-02
3.698598966002464294e-02
3.698598966002464294e-02
3.698599338531494141e-02
3.698598966002464294e-02
3.733105212450027466e-02
8.362961933016777039e-03
2.038218226516619325e-04
2.400057949125766754e-02
2.415382117033004761e-02
2.415382303297519684e-02
2.415382117033004761e-02
2.415381744503974915e-02
2.413730323314666748e-02
1.709575764834880829e-02
3.712292015552520752e-02
4.471271112561225891e-02
4.478380829095840454e-02
4.478380829095840454e-02
4.478380829095840454e-02
4.478380829095840454e-02
4.520368576049804688e-02
4.088128451257944107e-03
1.250552665442228317e-02
1.912078447639942169e-02
1.886709034442901611e-02
1.886708848178386688e-02
1.886709034442901611e-02
1.886709034442901611e-02
1.871245354413986206e-02
3.364370763301849365e-02
3.557118028402328491e-02
4.897027090191841125e-02
4.892724007368087769e-02
4.892724007368087769e-02
4.892724752426147461e-02
4.892724007368087769e-02
4.891780391335487366e-02
6.357870995998382568e-02
9.759080596268177032e-03
2.882631868124008179e-02
2.852291427552700043e-02
2.852291427552700043e-02
2.852291613817214966e-02
2.852291427552700043e-02
2.832476235926151276e-02
3.974169492721557617e-02
3.262891247868537903e-02
4.345307871699333191e-02
4.341208189725875854e-02
4.341207817196846008e-02
4.341208189725875854e-02
4.341207817196846008e-02
4.354402050375938416e-02
6.101626157760620117e-02
1.281453575938940048e-02
1.402906421571969986e-02
1.410019118338823318e-02
1.410019118338823318e-02
1.410019118338823318e-02
1.410018932074308395e-02
1.395967602729797363e-02
2.087781764566898346e-02
3.774100681766867638e-03
1.302016526460647583e-02
1.284785289317369461e-02
1.284785289317369461e-02
1.284785289317369461e-02
1.284784916788339615e-02
1.332197710871696472e-02
3.927646577358245850e-02
1.143575739115476608e-02
1.332477573305368423e-02
1.350766327232122421e-02
1.350765954703092575e-02
1.350765954703092575e-02
1.350765675306320190e-02
1.337214559316635132e-02
1.899778470396995544e-02
1.453642174601554871e-02
1.094340067356824875e-02
1.068621966987848282e-02
1.068622432649135590e-02
1.068622432649135590e-02
1.068621966987848282e-02
1.144978031516075134e-02
6.442885100841522217e-02
1.642241515219211578e-02
5.014250520616769791e-03
5.270353052765130997e-03
5.270349793136119843e-03
5.270348396152257919e-03
5.270349327474832535e-03
5.213582888245582581e-03
1.456152182072401047e-02
7.802175730466842651e-02
4.918916895985603333e-02
4.930480942130088806e-02
4.930480942130088806e-02
4.930480942130088806e-02
4.930480942130088806e-02
4.926722496747970581e-02
5.620729178190231323e-02
1.717687025666236877e-02
1.594862155616283417e-02
1.605135202407836914e-02
1.605134829878807068e-02
1.605134829878807068e-02
1.605135202407836914e-02
1.612083427608013153e-02
2.610733546316623688e-02
5.667309463024139404e-02
3.530816361308097839e-02
3.526546433568000793e-02
3.526545688509941101e-02
3.526545688509941101e-02
3.526545688509941101e-02
3.533201664686203003e-02
3.628241270780563354e-02
2.180765010416507721e-02
1.960225962102413177e-02
1.946906559169292450e-02
1.946906372904777527e-02
1.946906372904777527e-02
1.946906186640262604e-02
1.945357210934162140e-02
1.279295701533555984e-02
6.190607696771621704e-02
5.804471299052238464e-02
5.809678509831428528e-02
5.809678509831428528e-02
5.809678137302398682e-02
5.809678137302398682e-02
5.832564830780029297e-02
5.284206569194793701e-02
1.112814247608184814e-02
2.723828889429569244e-02
2.734958566725254059e-02
2.734958566725254059e-02
2.734958752989768982e-02
2.734958566725254059e-02
2.740021981298923492e-02
2.366554923355579376e-02
5.860366672277450562e-02
5.588603019714355469e-02
5.583985894918441772e-02
5.583985894918441772e-02
5.583985522389411926e-02
5.583985894918441772e-02
5.587384477257728577e-02
5.365300923585891724e-02
5.881272628903388977e-02
2.699809148907661438e-02
2.642667479813098907e-02
2.642667479813098907e-02
2.642666921019554138e-02
2.642667107284069061e-02
2.635479159653186798e-02
3.689961507916450500e-02
6.164634972810745239e-02
4.608169198036193848e-03
4.975742194801568985e-03
4.975739866495132446e-03
4.975742194801568985e-03
4.975744057446718216e-03
5.230219569057226181e-03
8.083321736194193363e-04
5.371375009417533875e-02
2.665568329393863678e-02
2.631017006933689117e-02
2.631017006933689117e-02
2.631017006933689117e-02
2.631017006933689117e-02
2.638256549835205078e-02
3.177575394511222839e-02
4.071325808763504028e-02
9.493873454630374908e-03
9.128645062446594238e-03
9.128648787736892700e-03
9.128648787736892700e-03
9.128651581704616547e-03
8.962417021393775940e-03
1.047046203166246414e-02
1.094404235482215881e-01
5.011781677603721619e-02
5.071591585874557495e-02
5.071591585874557495e-02
5.071592330932617188e-02
5.071591958403587341e-02
5.080861598253250122e-02
2.639275230467319489e-02
2.116169594228267670e-02
1.863047294318675995e-02
1.854968443512916565e-02
1.854968629777431488e-02
1.854968629777431488e-02
1.854968629777431488e-02
1.868168637156486511e-02
2.457138337194919586e-02
4.486545547842979431e-02
1.348205562680959702e-02
1.371661201119422913e-02
1.371661107987165451e-02
1.371661201119422913e-02
1.371661201119422913e-02
1.392572373151779175e-02
2.057169191539287567e-02
3.392855077981948853e-02
2.571027539670467377e-02
2.574233524501323700e-02
2.574233524501323700e-02
2.574233897030353546e-02
2.574233524501323700e-02
2.562064677476882935e-02
3.759260475635528564e-02
2.652226947247982025e-02
4.465848207473754883e-02
4.472171515226364136e-02
4.472172260284423828e-02
4.472171515226364136e-02
4.472171887755393982e-02
4.471831768751144409e-02
4.759569838643074036e-02
1.917650550603866577e-02
2.260270714759826660e-02
2.252168580889701843e-02
2.252168580889701843e-02
2.252168394625186920e-02
2.252168767154216766e-02
2.260325103998184204e-02
2.004843577742576599e-02
3.217687457799911499e-02
4.988861456513404846e-02
4.991716891527175903e-02
4.991717264056205750e-02
4.991716518998146057e-02
4.991716518998146057e-02
4.986455664038658142e-02
5.051036924123764038e-02
1.415580324828624725e-02
2.102036029100418091e-02
2.100628614425659180e-02
2.100628800690174103e-02
2.100628800690174103e-02
2.100628986954689026e-02
2.108270674943923950e-02
1.237463112920522690e-02
2.805021777749061584e-02
3.064797259867191315e-02
3.064751811325550079e-02
3.064751811325550079e-02
3.064751811325550079e-02
3.064751438796520233e-02
3.030277229845523834e-02
6.165860220789909363e-02
4.061600565910339355e-02
3.333415091037750244e-02
3.337357565760612488e-02
3.337357565760612488e-02
3.337357565760612488e-02
3.337357565760612488e-02
3.331644460558891296e-02
2.096078544855117798e-02
1.498452108353376389e-02
2.146046049892902374e-02
2.147641032934188843e-02
2.147641032934188843e-02
2.147641032934188843e-02
2.147640660405158997e-02
2.132463082671165466e-02
4.060451313853263855e-02
7.306672167032957077e-03
1.549723744392395020e-02
1.527994312345981598e-02
1.527994032949209213e-02
1.527994126081466675e-02
1.527994032949209213e-02
1.529566012322902679e-02
2.544533461332321167e-03
4.799055866897106171e-03
1.373796025291085243e-03
1.514843897894024849e-03
1.514841802418231964e-03
1.514841802418231964e-03
1.514843897894024849e-03
1.544920494779944420e-03
9.850961156189441681e-03
1.638839393854141235e-02
7.392370607703924179e-03
7.241263985633850098e-03
7.241263519972562790e-03
7.241265382617712021e-03
7.241263519972562790e-03
7.275609299540519714e-03
5.579001270234584808e-03
3.164003137499094009e-03
8.187117055058479309e-03
8.154075592756271362e-03
8.154076524078845978e-03
8.154076524078845978e-03
8.154075592756271362e-03
8.317387662827968597e-03
8.841552771627902985e-03
3.223924338817596436e-02
2.086361683905124664e-02
2.076160162687301636e-02
2.076159976422786713e-02
2.076159976422786713e-02
2.076159976422786713e-02
2.048967778682708740e-02
1.929104514420032501e-02
3.319713473320007324e-02
2.657257579267024994e-02
2.652307786047458649e-02
2.652308158576488495e-02
2.652307786047458649e-02
2.652307786047458649e-02
2.672820910811424255e-02
2.069724164903163910e-02
2.535450505092740059e-03
3.035910194739699364e-03
2.825031988322734833e-03
2.825033385306596756e-03
2.825032453984022141e-03
2.825031988322734833e-03
3.060991410166025162e-03
6.260966416448354721e-03
1.825981959700584412e-02
9.026999585330486298e-03
9.019659832119941711e-03
9.019663557410240173e-03
9.019662626087665558e-03
9.019661694765090942e-03
9.226172231137752533e-03
1.711042204988189042e-05
2.022869448410347104e-04
8.675927296280860901e-03
8.546452037990093231e-03
8.546452969312667847e-03
8.546452037990093231e-03
8.546452037990093231e-03
8.843712508678436279e-03
5.959647241979837418e-03
8.180498145520687103e-03
1.093974988907575607e-02
1.103948336094617844e-02
1.103948522359132767e-02
1.103948336094617844e-02
1.103948336094617844e-02
1.129227969795465469e-02
2.031012810766696930e-02
4.591325297951698303e-03
1.170719321817159653e-02
1.138355117291212082e-02
1.138354931026697159e-02
1.138355024158954620e-02
1.138354837894439697e-02
1.105095073580741882e-02
2.497243694961071014e-02
4.066757857799530029e-03
1.168070454150438309e-02
1.176084298640489578e-02
1.176084484905004501e-02
1.176084298640489578e-02
1.176084484905004501e-02
1.206989306956529617e-02
1.695690304040908813e-02
1.468383148312568665e-02
8.683416061103343964e-03
8.346430025994777679e-03
8.346428163349628448e-03
8.346427232027053833e-03
8.346429094672203064e-03
8.035814389586448669e-03
1.475228928029537201e-02
4.176776111125946045e-02
2.603626810014247894e-02
2.592006884515285492e-02
2.592006698250770569e-02
2.592006884515285492e-02
2.592006884515285492e-02
2.595125511288642883e-02
4.173582047224044800e-02
3.098344616591930389e-02
2.547065727412700653e-02
2.530989982187747955e-02
2.530989982187747955e-02
2.530989982187747955e-02
2.530990168452262878e-02
2.577076852321624756e-02
3.702513873577117920e-03
3.707550838589668274e-02
1.969023607671260834e-02
1.969398185610771179e-02
1.969398185610771179e-02
1.969397999346256256e-02
1.969397999346256256e-02
1.955142430961132050e-02
3.599440306425094604e-02
3.860224410891532898e-02
1.772936619818210602e-02
1.758721843361854553e-02
1.758721657097339630e-02
1.758721843361854553e-02
1.758722029626369476e-02
1.799649745225906372e-02
1.010180450975894928e-02
3.626608476042747498e-02
1.108160521835088730e-02
1.133777946233749390e-02
1.133777759969234467e-02
1.133778132498264313e-02
1.133777759969234467e-02
1.154611259698867798e-02
1.806307211518287659e-02
4.724588617682456970e-02
4.384841024875640869e-02
4.418122023344039917e-02
4.418122768402099609e-02
4.418122023344039917e-02
4.418122023344039917e-02
4.390203207731246948e-02
6.239621341228485107e-02
2.841838821768760681e-02
2.033410128206014633e-03
2.203103620558977127e-03
2.203105483204126358e-03
2.203105483204126358e-03
2.203103620558977127e-03
2.561107976362109184e-03
3.087359480559825897e-02
2.375946566462516785e-02
2.452847547829151154e-02
2.459766715764999390e-02
2.459766343235969543e-02
2.459766343235969543e-02
2.459766343235969543e-02
2.453167736530303955e-02
3.961215913295745850e-02
5.601604934781789780e-03
2.892289776355028152e-03
2.934022806584835052e-03
2.934023970738053322e-03
2.934023970738053322e-03
2.934023970738053322e-03
3.076795022934675217e-03
3.578677773475646973e-02
2.773729152977466583e-02
2.374067716300487518e-02
2.388350479304790497e-02
2.388350293040275574e-02
2.388350293040275574e-02
2.388350293040275574e-02
2.406142838299274445e-02
1.305524259805679321e-02
1.296028587967157364e-02
6.597959902137517929e-03
6.671109702438116074e-03
6.671105511486530304e-03
6.671109702438116074e-03
6.671105511486530304e-03
6.411870941519737244e-03
4.750369116663932800e-02
2.637401968240737915e-02
1.989902369678020477e-02
2.019954659044742584e-02
2.019954472780227661e-02
2.019954100251197815e-02
2.019954286515712738e-02
2.091051265597343445e-02
2.590009197592735291e-02
5.342040210962295532e-03
1.304958947002887726e-02
1.311803516000509262e-02
1.311803888529539108e-02
1.311803981661796570e-02
1.311803795397281647e-02
1.308024302124977112e-02
1.125468779355287552e-02
6.412437651306390762e-04
1.327273156493902206e-02
1.305828895419836044e-02
1.305829081684350967e-02
1.305828802287578583e-02
1.305828895419836044e-02
1.300806924700737000e-02
6.258177105337381363e-03
3.042037785053253174e-02
4.006925225257873535e-02
4.015047103166580200e-02
4.015047103166580200e-02
4.015047103166580200e-02
4.015046730637550354e-02
4.022351279854774475e-02
1.187975984066724777e-02
7.094937376677989960e-03
6.893296726047992706e-03
6.658528465777635574e-03
6.658528465777635574e-03
6.658529397100210190e-03
6.658527068793773651e-03
6.669777911156415939e-03
1.691379398107528687e-02
1.223635748028755188e-01
9.585250914096832275e-02
9.608148038387298584e-02
9.608149528503417969e-02
9.608148038387298584e-02
9.608148038387298584e-02
9.605954587459564209e-02
1.117701902985572815e-01
5.940480530261993408e-02
3.491321578621864319e-02
3.496510535478591919e-02
3.496510162949562073e-02
3.496510535478591919e-02
3.496510162949562073e-02
3.520239889621734619e-02
4.387803748250007629e-02
9.374447166919708252e-02
7.018025219440460205e-02
7.014063745737075806e-02
7.014063745737075806e-02
7.014063745737075806e-02
7.014063745737075806e-02
7.014137506484985352e-02
8.180306851863861084e-02
5.906860530376434326e-02
2.810683473944664001e-02
2.807476371526718140e-02
2.807475812733173370e-02
2.807475998997688293e-02
2.807475998997688293e-02
2.826590277254581451e-02
3.634170070290565491e-02
