8.338642865419387817e-02
4.711375758051872253e-02
4.596477374434471130e-02
4.178485646843910217e-02
5.145778134465217590e-02
5.436713621020317078e-02
4.685577750205993652e-02
2.948306687176227570e-02
5.126497894525527954e-02
3.482367098331451416e-02
3.527118638157844543e-02
3.341882303357124329e-02
3.695601597428321838e-02
3.690569475293159485e-02
3.463562205433845520e-02
2.536574937403202057e-02
6.643672287464141846e-02
2.938489243388175964e-02
3.014341741800308228e-02
3.178927674889564514e-02
3.771247342228889465e-02
3.786641731858253479e-02
2.928340062499046326e-02
7.091063540428876877e-03
6.841333210468292236e-02
4.460689425468444824e-02
4.397170245647430420e-02
4.321539029479026794e-02
4.672487825155258179e-02
4.868829622864723206e-02
4.439260065555572510e-02
4.021965339779853821e-02
6.178337335586547852e-02
1.134863216429948807e-02
8.314485661685466766e-03
9.010056033730506897e-03
1.819396205246448517e-02
1.792706735432147980e-02
1.121939718723297119e-02
2.507780911400914192e-03
3.007330000400543213e-02
8.273991406895220280e-04
6.907361093908548355e-03
1.073240209370851517e-02
6.752660963684320450e-03
7.426342344842851162e-04
8.016772335395216942e-04
3.163596242666244507e-02
5.257498845458030701e-02
6.449828390032052994e-03
4.795472195837646723e-04
1.473293988965451717e-03
7.950425148010253906e-03
1.155538763850927353e-02
6.371246185153722763e-03
1.718371734023094177e-02
6.738728377968072891e-03
2.933666110038757324e-02
3.651406243443489075e-02
3.980702534317970276e-02
3.356896340847015381e-02
2.530262619256973267e-02
2.948996424674987793e-02
6.992355734109878540e-02
1.915892213582992554e-02
1.700657419860363007e-02
2.740668132901191711e-02
3.081756457686424255e-02
1.870004832744598389e-02
1.181280240416526794e-02
1.693378947675228119e-02
2.756732888519763947e-02
7.517673540860414505e-03
8.186530321836471558e-03
6.488756742328405380e-03
5.448322277516126633e-03
3.456838894635438919e-03
6.585720926523208618e-03
8.208954706788063049e-03
9.271435439586639404e-03
3.685923293232917786e-03
6.012235535308718681e-04
1.090234890580177307e-02
1.271696481853723526e-02
1.285520731471478939e-03
6.109855137765407562e-03
5.167936324141919613e-04
4.871627781540155411e-03
8.938230574131011963e-03
1.138126477599143982e-02
1.119274832308292389e-02
9.178298525512218475e-03
6.219123955816030502e-03
8.725417777895927429e-03
1.152184139937162399e-02
1.230046991258859634e-02
3.914813511073589325e-03
7.896157912909984589e-03
1.157332956790924072e-02
1.163039170205593109e-02
3.496508579701185226e-03
5.235185381025075912e-03
7.901651784777641296e-03
1.720157824456691742e-02
4.117960482835769653e-02
4.150787740945816040e-02
3.837670758366584778e-02
2.610695175826549530e-02
2.601976320147514343e-02
3.358129411935806274e-02
4.151652753353118896e-02
3.391753509640693665e-02
2.256962284445762634e-02
1.480744592845439911e-02
1.205773651599884033e-02
8.826577104628086090e-03
1.376398187130689621e-02
1.332781463861465454e-02
1.494278386235237122e-02
1.053956151008605957e-02
5.025539547204971313e-02
4.239692538976669312e-02
3.852252289652824402e-02
2.873637899756431580e-02
3.225269913673400879e-02
3.736164420843124390e-02
4.243950918316841125e-02
3.444438800215721130e-02
3.220413252711296082e-02
2.355831116437911987e-02
2.764634788036346436e-02
3.156363591551780701e-02
3.872960433363914490e-02
3.192837536334991455e-02
2.360242791473865509e-02
4.225554317235946655e-02
4.652232863008975983e-03
1.737966958899050951e-04
6.330547388643026352e-03
6.387796718627214432e-03
1.369517063722014427e-03
4.299415741115808487e-03
1.926183613250032067e-04
6.815744098275899887e-03
9.577245451509952545e-03
7.080974755808711052e-04
1.942828996106982231e-03
1.042930781841278076e-02
1.625761389732360840e-02
7.300884928554296494e-03
7.386662182398140430e-04
1.225137431174516678e-02
9.468533244216814637e-05
2.325609093531966209e-03
4.994634538888931274e-03
6.657920777797698975e-03
4.440642369445413351e-04
2.643511164933443069e-03
2.369412919506430626e-03
5.604410078376531601e-03
3.151602298021316528e-02
1.395438984036445618e-02
1.694354042410850525e-02
1.651606708765029907e-02
1.380517240613698959e-02
1.330553740262985229e-02
1.383780222386121750e-02
1.063478924334049225e-02
2.307710424065589905e-02
2.244768850505352020e-02
2.375043742358684540e-02
2.054892852902412415e-02
2.354729920625686646e-02
2.363358810544013977e-02
2.240111678838729858e-02
2.585108764469623566e-02
1.066109910607337952e-02
3.067044075578451157e-03
6.175430957227945328e-03
2.187886508181691170e-03
1.106907846406102180e-03
2.041562693193554878e-03
3.053637454286217690e-03
3.641362767666578293e-03
1.273260358721017838e-02
1.116118114441633224e-02
1.375010050833225250e-02
9.086501784622669220e-03
1.134276669472455978e-02
1.201221905648708344e-02
1.108919922262430191e-02
1.126159541308879852e-02
3.296876326203346252e-02
1.516052801162004471e-02
1.740879192948341370e-02
2.823247015476226807e-02
3.310235962271690369e-02
2.454298734664916992e-02
1.496801339089870453e-02
1.330435648560523987e-02
5.083367694169282913e-03
6.334024481475353241e-03
7.420120295137166977e-03
7.847378030419349670e-03
1.024414598941802979e-02
9.477387182414531708e-03
6.330545525997877121e-03
3.066490218043327332e-02
1.827603019773960114e-02
1.539128832519054413e-02
1.732893474400043488e-02
2.295965328812599182e-02
2.634322457015514374e-02
1.981494948267936707e-02
1.522974018007516861e-02
1.539749465882778168e-02
7.793569471687078476e-03
1.530515495687723160e-03
1.971624558791518211e-03
1.280794618651270866e-03
5.772650707513093948e-03
5.499506834894418716e-03
1.451729563996195793e-03
2.564075402915477753e-02
2.613308094441890717e-02
3.434303030371665955e-02
3.349971026182174683e-02
2.703669480979442596e-02
2.808106504380702972e-02
3.265294805169105530e-02
3.418015688657760620e-02
5.467307195067405701e-02
1.909128017723560333e-02
2.677650563418865204e-02
2.559442631900310516e-02
2.360273711383342743e-02
1.716063544154167175e-02
2.242037840187549591e-02
2.660631760954856873e-02
3.836428374052047729e-02
1.426834706217050552e-02
2.620924264192581177e-02
2.620316855609416962e-02
2.119983918964862823e-02
2.148908190429210663e-02
2.469960972666740417e-02
2.612680569291114807e-02
4.869200289249420166e-02
3.434853255748748779e-02
3.791531920433044434e-02
3.669857978820800781e-02
3.669933229684829712e-02
3.084210865199565887e-02
3.451193496584892273e-02
3.779098764061927795e-02
5.545460805296897888e-02
2.581476978957653046e-02
1.418480556458234787e-02
1.651312038302421570e-02
2.296027541160583496e-02
2.868274599313735962e-02
1.979650184512138367e-02
1.410495582967996597e-02
2.285856567323207855e-02
3.077224828302860260e-03
1.534559950232505798e-02
9.657215327024459839e-03
3.178787883371114731e-03
3.692195983603596687e-03
1.339092943817377090e-02
1.529500260949134827e-02
6.797611713409423828e-03
1.853685453534126282e-02
5.138426087796688080e-03
8.891632780432701111e-03
9.357628412544727325e-03
1.203394681215286255e-02
6.363937631249427795e-03
4.994648508727550507e-03
1.032518688589334488e-02
3.045817604288458824e-03
8.886125870048999786e-03
3.339825430884957314e-03
1.806313288398087025e-03
1.538953743875026703e-03
5.175437778234481812e-03
8.900457061827182770e-03
3.241732949391007423e-03
3.718800842761993408e-02
3.353198617696762085e-02
2.891016192734241486e-02
2.652430720627307892e-02
3.637564554810523987e-02
3.741937130689620972e-02
3.360495716333389282e-02
2.659460529685020447e-02
1.554251555353403091e-02
9.328101761639118195e-03
8.035842329263687134e-03
1.127097662538290024e-02
1.754957064986228943e-02
1.443883311003446579e-02
9.213608689606189728e-03
1.394419185817241669e-02
2.550327219069004059e-02
2.642059698700904846e-02
2.162053622305393219e-02
1.705087535083293915e-02
2.379405125975608826e-02
2.871093712747097015e-02
2.658937871456146240e-02
1.792201958596706390e-02
2.318249642848968506e-02
1.466644648462533951e-02
1.437456067651510239e-02
1.605557277798652649e-02
2.234281040728092194e-02
1.700867898762226105e-02
1.452321186661720276e-02
1.853589899837970734e-02
2.316550910472869873e-02
1.082904171198606491e-02
8.312379010021686554e-03
2.183104120194911957e-02
2.345258556306362152e-02
2.240455895662307739e-02
1.082667242735624313e-02
1.835498772561550140e-02
3.470616042613983154e-02
4.320706427097320557e-02
4.433044046163558960e-02
3.880936652421951294e-02
3.524944931268692017e-02
3.944277018308639526e-02
4.323474317789077759e-02
1.953383162617683411e-02
2.867321670055389404e-02
2.146064117550849915e-02
2.009932510554790497e-02
3.004044853150844574e-02
2.862246520817279816e-02
2.767382562160491943e-02
2.147557772696018219e-02
5.665454547852277756e-03
3.355957567691802979e-02
4.263433814048767090e-02
4.572123661637306213e-02
4.155851155519485474e-02
3.631030768156051636e-02
3.854553401470184326e-02
4.265689849853515625e-02
2.731223218142986298e-02
5.002798885107040405e-02
6.474505364894866943e-02
6.899011880159378052e-02
7.662995904684066772e-02
6.794375926256179810e-02
6.582050025463104248e-02
6.494617462158203125e-02
8.775105327367782593e-02
2.001138404011726379e-02
2.070466615259647369e-02
1.792120374739170074e-02
1.650868728756904602e-02
1.949245296418666840e-02
2.642697840929031372e-02
2.070953324437141418e-02
5.655895802192389965e-04
5.469952896237373352e-02
6.412403285503387451e-02
6.883841007947921753e-02
7.354468107223510742e-02
6.804541498422622681e-02
6.839997321367263794e-02
6.418581306934356689e-02
7.434464991092681885e-02
7.711277808994054794e-03
1.045295689254999161e-02
7.002118043601512909e-03
6.637964863330125809e-03
8.346548303961753845e-03
1.401470508426427841e-02
1.036733016371726990e-02
1.352053880691528320e-02
6.381166726350784302e-02
3.655081614851951599e-02
2.432722225785255432e-02
1.803296618163585663e-02
2.464023604989051819e-02
3.892982006072998047e-02
3.652527183294296265e-02
4.982444923371076584e-03
2.363699674606323242e-02
9.574110736139118671e-04
5.377675406634807587e-03
1.447772514075040817e-02
1.554567273706197739e-02
8.138913661241531372e-03
1.038370421156287193e-03
3.017547167837619781e-02
6.590284407138824463e-02
4.137130454182624817e-02
4.126664251089096069e-02
3.940998390316963196e-02
3.812669962644577026e-02
3.882085531949996948e-02
4.154175519943237305e-02
1.866513304412364960e-02
4.450132697820663452e-02
1.530712842941284180e-02
1.500865444540977478e-02
2.378237247467041016e-02
2.573694474995136261e-02
2.489887736737728119e-02
1.525301579385995865e-02
2.273658104240894318e-02
1.225381344556808472e-02
1.127306954003870487e-03
7.356206420809030533e-03
2.733583562076091766e-03
2.898513339459896088e-03
1.122995838522911072e-02
1.225429354235529900e-03
1.903022080659866333e-02
4.305869713425636292e-02
2.968622185289859772e-02
2.863992191851139069e-02
3.079342842102050781e-02
2.959111891686916351e-02
2.699138969182968140e-02
2.977924793958663940e-02
5.515529587864875793e-02
3.355678170919418335e-02
2.066740207374095917e-02
2.373240888118743896e-02
1.711687445640563965e-02
8.402147330343723297e-03
5.614690016955137253e-03
2.069241181015968323e-02
3.514125198125839233e-02
4.604506492614746094e-02
3.125516325235366821e-02
3.216500580310821533e-02
3.545583412051200867e-02
3.263340145349502563e-02
2.831102535128593445e-02
3.137456998229026794e-02
5.374446883797645569e-02
2.009499631822109222e-02
1.231565605849027634e-02
1.574571616947650909e-02
8.095506578683853149e-03
4.144064616411924362e-03
5.453420337289571762e-03
1.229476556181907654e-02
3.163330256938934326e-02
4.083570837974548340e-02
2.945193834602832794e-02
3.232660517096519470e-02
2.429757267236709595e-02
1.850813254714012146e-02
2.397079579532146454e-02
2.928622253239154816e-02
1.258595753461122513e-02
2.411805652081966400e-02
2.675693482160568237e-03
4.992376547306776047e-03
4.541100934147834778e-03
1.486690016463398933e-03
2.082618593703955412e-04
2.654072828590869904e-03
1.655083149671554565e-02
4.558679834008216858e-02
3.134937956929206848e-02
3.361909836530685425e-02
3.113713115453720093e-02
2.414876595139503479e-02
2.894552797079086304e-02
3.129908442497253418e-02
1.723009161651134491e-02
7.110640406608581543e-02
3.955398499965667725e-02
4.813604429364204407e-02
3.778446093201637268e-02
3.509507700800895691e-02
3.449465334415435791e-02
3.943376988172531128e-02
9.205570816993713379e-02
8.297325111925601959e-03
2.613261342048645020e-02
3.649739921092987061e-02
4.320183768868446350e-02
3.847909718751907349e-02
2.746326476335525513e-02
2.616522647440433502e-02
1.097885798662900925e-02
1.017184648662805557e-02
1.319156773388385773e-02
6.973909214138984680e-03
1.544052083045244217e-02
2.302214317023754120e-02
1.940475217998027802e-02
1.318924594670534134e-02
1.864629797637462616e-02
2.146415598690509796e-02
3.951066732406616211e-02
4.608092829585075378e-02
5.216327309608459473e-02
4.956148192286491394e-02
3.984007239341735840e-02
3.960530459880828857e-02
1.938333734869956970e-02
3.424648568034172058e-02
3.688019514083862305e-02
4.553474113345146179e-02
4.085415974259376526e-02
3.263280540704727173e-02
2.846414409577846527e-02
3.678164258599281311e-02
4.719934985041618347e-02
7.199758291244506836e-02
8.492638170719146729e-02
8.686187118291854858e-02
7.654912024736404419e-02
7.180204987525939941e-02
7.522103935480117798e-02
8.504758775234222412e-02
9.981485456228256226e-02
1.568196341395378113e-02
2.175873890519142151e-02
2.901856042444705963e-02
2.352570742368698120e-02
1.423855964094400406e-02
1.385892275720834732e-02
2.177643962204456329e-02
3.333395719528198242e-02
6.076699495315551758e-02
7.037027925252914429e-02
7.261032611131668091e-02
6.571946293115615845e-02
6.151089444756507874e-02
6.266554445028305054e-02
7.044391334056854248e-02
8.240605890750885010e-02
1.186607219278812408e-02
1.549058780074119568e-02
1.644955947995185852e-02
1.662027090787887573e-02
2.491112239658832550e-02
2.000608481466770172e-02
1.539938803762197495e-02
5.345953013602411374e-07
3.729044925421476364e-03
1.912723062559962273e-03
2.986642764881253242e-03
1.971793128177523613e-03
5.611022934317588806e-03
3.065236844122409821e-03
1.762960338965058327e-03
2.803104743361473083e-02
2.197842579334974289e-03
2.820642199367284775e-03
2.549404511228203773e-03
6.103581981733441353e-04
1.044790912419557571e-02
4.767391830682754517e-03
2.970983274281024933e-03
2.013114094734191895e-02
2.206847071647644043e-03
4.657231736928224564e-03
5.723004229366779327e-03
4.030530340969562531e-03
6.366922520101070404e-03
6.552013102918863297e-03
4.407221451401710510e-03
4.401008039712905884e-02
1.250425074249505997e-02
1.436320319771766663e-02
1.330778375267982483e-02
1.038833148777484894e-02
1.195942424237728119e-02
1.231559645384550095e-02
1.426795125007629395e-02
3.778893733397126198e-03
6.974036991596221924e-02
4.333187267184257507e-02
3.625936433672904968e-02
3.696856647729873657e-02
4.379699379205703735e-02
4.865325987339019775e-02
4.313940927386283875e-02
3.641830012202262878e-02
2.532595209777355194e-02
2.043720707297325134e-02
1.957112550735473633e-02
2.201804518699645996e-02
2.355592139065265656e-02
2.182044647634029388e-02
2.043346688151359558e-02
9.810598567128181458e-03
7.478149235248565674e-02
5.004619434475898743e-02
4.290999472141265869e-02
4.303659871220588684e-02
4.791855439543724060e-02
5.469610169529914856e-02
4.981652647256851196e-02
3.777512907981872559e-02
7.911635562777519226e-03
1.076214830391108990e-03
6.360230036079883575e-03
1.472566043958067894e-03
9.591180831193923950e-03
1.316060870885848999e-02
1.069370424374938011e-03
2.288365922868251801e-02
2.270662225782871246e-02
1.199398469179868698e-02
1.077219098806381226e-02
1.486492995172739029e-02
1.326489821076393127e-02
1.702441647648811340e-02
1.188804395496845245e-02
1.431739539839327335e-03
1.381756458431482315e-02
1.006688363850116730e-02
3.081849077716469765e-03
9.799247607588768005e-03
1.785253174602985382e-02
2.088449336588382721e-02
9.907605126500129700e-03
1.267367321997880936e-02
1.830534078180789948e-02
9.114422835409641266e-03
7.971627637743949890e-03
8.495635353028774261e-03
1.008992455899715424e-02
1.410262286663055420e-02
8.938983082771301270e-03
2.084225416183471680e-03
4.181575775146484375e-02
1.303471345454454422e-02
2.844554744660854340e-02
3.474154323339462280e-02
1.689451001584529877e-02
8.407814311794936657e-04
1.344355568289756775e-02
3.766574338078498840e-02
2.519151382148265839e-02
1.987127773463726044e-02
2.853343635797500610e-02
3.738114610314369202e-02
3.094982914626598358e-02
2.261754311621189117e-02
1.998563669621944427e-02
3.176305815577507019e-02
2.522593364119529724e-02
3.392266482114791870e-02
5.134064331650733948e-02
4.864429682493209839e-02
2.473480813205242157e-02
1.417788490653038025e-02
3.410923480987548828e-02
5.419940128922462463e-02
7.606870029121637344e-03
3.309545665979385376e-02
3.985610231757164001e-02
5.126135051250457764e-02
4.924467951059341431e-02
4.012241587042808533e-02
3.326022252440452576e-02
4.177457839250564575e-02
6.208991631865501404e-02
4.761393740773200989e-02
3.895386680960655212e-02
2.194775082170963287e-02
2.769349329173564911e-02
4.604393243789672852e-02
4.746083170175552368e-02
2.489632926881313324e-02
5.645566154271364212e-03
2.460888586938381195e-02
2.732023596763610840e-02
2.326217107474803925e-02
1.589755527675151825e-02
1.794321462512016296e-02
2.471823059022426605e-02
2.860633283853530884e-02
3.527918830513954163e-02
3.171990439295768738e-02
2.231471985578536987e-02
7.781491614878177643e-03
1.184874400496482849e-02
2.624293044209480286e-02
3.166203945875167847e-02
4.344201181083917618e-03
1.558555103838443756e-02
3.401498124003410339e-02
3.444735333323478699e-02
2.953599020838737488e-02
2.461739815771579742e-02
2.730597183108329773e-02
3.417234867811203003e-02
3.869105875492095947e-02
5.087820813059806824e-02
6.089559569954872131e-02
6.266804039478302002e-02
6.321158260107040405e-02
6.308925896883010864e-02
6.139054521918296814e-02
6.090693920850753784e-02
6.808158010244369507e-02
5.525831133127212524e-02
5.648147314786911011e-02
5.930183827877044678e-02
6.163745746016502380e-02
6.239622458815574646e-02
5.922224745154380798e-02
5.643100291490554810e-02
7.409892231225967407e-02
4.740979522466659546e-02
6.157791242003440857e-02
6.299762427806854248e-02
6.190178915858268738e-02
6.172251328825950623e-02
5.991154909133911133e-02
6.156684085726737976e-02
6.997259706258773804e-02
5.723932012915611267e-02
6.131599843502044678e-02
6.441789120435714722e-02
6.510346382856369019e-02
6.471571326255798340e-02
6.321735680103302002e-02
6.135193631052970886e-02
7.558880746364593506e-02
6.754667311906814575e-02
5.173718556761741638e-02
5.195774510502815247e-02
5.144957825541496277e-02
4.883418604731559753e-02
4.724781215190887451e-02
5.183043703436851501e-02
6.655798107385635376e-02
2.215580828487873077e-02
5.297786556184291840e-03
1.794509822502732277e-03
9.261013474315404892e-04
5.822753068059682846e-03
9.794656187295913696e-03
5.228498484939336777e-03
7.950606755912303925e-03
5.512167513370513916e-02
3.487757220864295959e-02
2.842017449438571930e-02
2.898559533059597015e-02
3.113111294806003571e-02
3.511007130146026611e-02
3.482638299465179443e-02
3.463032469153404236e-02
3.854350745677947998e-02
1.480683777481317520e-02
6.650399882346391678e-03
8.626319468021392822e-03
1.497667655348777771e-02
1.950401067733764648e-02
1.475692167878150940e-02
1.874547079205513000e-02
2.610715106129646301e-03
1.777411252260208130e-02
2.058734744787216187e-02
1.323896832764148712e-02
2.044261433184146881e-03
5.106486845761537552e-03
1.776353828608989716e-02
2.245398424565792084e-02
1.491663977503776550e-02
9.187966585159301758e-03
2.312274184077978134e-03
1.084850635379552841e-02
1.030918397009372711e-02
4.336003679782152176e-03
9.149692021310329437e-03
1.181758474558591843e-02
1.360934227705001831e-02
2.281035669147968292e-02
2.090378850698471069e-02
1.065877359360456467e-02
9.128430858254432678e-03
1.535957586020231247e-02
2.265832386910915375e-02
2.255565859377384186e-02
2.848640456795692444e-02
1.907754316926002502e-02
9.774993173778057098e-03
1.725688809528946877e-03
2.742654178291559219e-03
1.549907214939594269e-02
1.901600696146488190e-02
3.083312651142477989e-03
3.543964121490716934e-03
8.953413926064968109e-03
2.636861428618431091e-02
2.329256758093833923e-02
6.622289773076772690e-03
1.753533957526087761e-03
8.969901129603385925e-03
1.059507858008146286e-02
5.848270840942859650e-03
3.089802339673042297e-03
8.201883174479007721e-03
1.050192955881357193e-02
7.143621798604726791e-03
3.033674322068691254e-03
3.071922343224287033e-03
1.750527508556842804e-02
1.396430842578411102e-02
7.114326115697622299e-03
9.439646266400814056e-03
4.078238736838102341e-03
1.102106366306543350e-02
1.836361736059188843e-02
7.134865503758192062e-03
3.968818113207817078e-03
5.055639892816543579e-03
7.383537013083696365e-03
8.931181393563747406e-03
1.094941236078739166e-02
9.011412039399147034e-03
5.859999917447566986e-03
7.476787548512220383e-03
2.333143167197704315e-02
2.328173257410526276e-02
1.775602810084819794e-02
1.698240265250205994e-02
2.350579388439655304e-02
2.716818451881408691e-02
2.357153780758380890e-02
1.780101656913757324e-02
2.373689040541648865e-02
1.369903795421123505e-02
8.523355238139629364e-03
9.853957220911979675e-03
2.011124044656753540e-02
2.318848483264446259e-02
1.390371937304735184e-02
8.378421887755393982e-03
1.726389117538928986e-02
2.392520941793918610e-02
1.639835350215435028e-02
1.817554607987403870e-02
2.728711068630218506e-02
3.109714388847351074e-02
2.116019465029239655e-02
1.650954969227313995e-02
2.417664043605327606e-02
1.390764024108648300e-02
1.432837732136249542e-02
1.598162390291690826e-02
2.608156576752662659e-02
2.918364852666854858e-02
1.986270211637020111e-02
1.416964456439018250e-02
1.963709481060504913e-02
2.235455252230167389e-02
2.110609225928783417e-02
1.121911592781543732e-02
6.465212441980838776e-03
1.304777897894382477e-02
2.076999098062515259e-02
2.104130573570728302e-02
7.810426759533584118e-04
3.172476217150688171e-02
2.271376550197601318e-02
1.774787716567516327e-02
1.954369805753231049e-02
2.255300246179103851e-02
2.735645696520805359e-02
2.268231660127639771e-02
2.732525579631328583e-03
9.108866564929485321e-03
4.154237918555736542e-03
4.756890702992677689e-03
3.225454827770590782e-03
2.538526430726051331e-03
5.910443142056465149e-03
4.276460036635398865e-03
2.160796150565147400e-02
3.052700497210025787e-02
1.455512642860412598e-02
1.017430331557989120e-02
1.004344690591096878e-02
1.293170172721147537e-02
1.921409554779529572e-02
1.442827377468347549e-02
9.093949571251869202e-03
1.185355335474014282e-02
6.904135923832654953e-03
1.328345201909542084e-02
1.593124866485595703e-02
8.044840767979621887e-03
5.074948072433471680e-03
6.918618455529212952e-03
3.996883332729339600e-02
6.903354823589324951e-02
5.083408206701278687e-02
4.965990409255027771e-02
4.556565359234809875e-02
4.672764986753463745e-02
4.629942774772644043e-02
5.082879215478897095e-02
6.475429236888885498e-02
6.728888954967260361e-03
6.670387927442789078e-03
7.360036950558423996e-03
5.066891200840473175e-03
1.392219448462128639e-03
1.635214430280029774e-04
6.756814196705818176e-03
3.709146752953529358e-02
4.151741415262222290e-02
2.674541436135768890e-02
2.554326876997947693e-02
2.374346368014812469e-02
2.344547584652900696e-02
2.251124940812587738e-02
2.678267657756805420e-02
3.847783431410789490e-02
4.788749851286411285e-03
1.272169779986143112e-02
1.198481302708387375e-02
8.167931810021400452e-03
8.727896027266979218e-03
1.507334876805543900e-02
1.283232215791940689e-02
9.222076274454593658e-03
4.849553853273391724e-02
3.916116431355476379e-02
3.711039572954177856e-02
4.212047159671783447e-02
4.835912957787513733e-02
4.726018756628036499e-02
3.923895210027694702e-02
1.650111377239227295e-02
7.374593988060951233e-04
5.814689211547374725e-03
5.954049527645111084e-03
7.469469215720891953e-03
9.349668398499488831e-03
1.070684567093849182e-02
5.905614234507083893e-03
1.382191199809312820e-02
3.367450460791587830e-02
2.461993135511875153e-02
2.290346845984458923e-02
2.373513020575046539e-02
2.874472737312316895e-02
3.145825862884521484e-02
2.455370128154754639e-02
1.060776971280574799e-02
9.527405723929405212e-03
3.522633109241724014e-03
6.398214958608150482e-03
5.220580496825277805e-04
3.370938356965780258e-03
2.242875751107931137e-03
3.715468803420662880e-03
1.526997983455657959e-02
2.867470122873783112e-02
4.028458148241043091e-02
3.481546416878700256e-02
3.810509294271469116e-02
4.202308505773544312e-02
4.102919623255729675e-02
4.020600765943527222e-02
2.814631722867488861e-02
1.082049775868654251e-02
1.986424252390861511e-02
1.714500412344932556e-02
2.511138282716274261e-02
3.067984059453010559e-02
2.623327448964118958e-02
1.982984133064746857e-02
8.750217966735363007e-03
3.671991080045700073e-02
4.550180211663246155e-02
3.923045843839645386e-02
4.278501868247985840e-02
4.713977500796318054e-02
4.781279340386390686e-02
4.534383863210678101e-02
3.063559345901012421e-02
9.801529347896575928e-02
7.430548965930938721e-02
7.421357184648513794e-02
7.346247881650924683e-02
7.783214747905731201e-02
7.786513119935989380e-02
7.431044429540634155e-02
6.948268413543701172e-02
2.015638351440429688e-02
4.612170625478029251e-03
1.319138682447373867e-03
5.118110217154026031e-03
4.909632261842489243e-03
7.355549838393926620e-03
4.674201365560293198e-03
8.543017320334911346e-03
6.886232644319534302e-02
4.811309650540351868e-02
4.851720109581947327e-02
5.036634951829910278e-02
5.218501016497612000e-02
5.025281012058258057e-02
4.817071184515953064e-02
4.132109880447387695e-02
1.096053142100572586e-02
7.495211903005838394e-03
1.155062206089496613e-02
6.202205084264278412e-03
5.229034926742315292e-03
1.539429649710655212e-03
7.395554799586534500e-03
2.185026556253433228e-02
