2.397230081260204315e-02
3.000487759709358215e-02
2.978911437094211578e-02
2.978911437094211578e-02
2.978911437094211578e-02
2.978911437094211578e-02
2.804734744131565094e-02
9.545366466045379639e-02
3.535555908456444740e-03
1.160290185362100601e-02
1.157398894429206848e-02
1.157398521900177002e-02
1.157399080693721771e-02
1.157398521900177002e-02
9.824578650295734406e-03
7.187350839376449585e-02
3.899078350514173508e-03
1.226624753326177597e-02
1.221937965601682663e-02
1.221938151866197586e-02
1.221938151866197586e-02
1.221937965601682663e-02
1.052966155111789703e-02
7.202702760696411133e-02
1.056969515047967434e-03
7.264485117048025131e-03
7.473019417375326157e-03
7.473020814359188080e-03
7.473022211343050003e-03
7.473020814359188080e-03
5.823077633976936340e-03
7.082565128803253174e-02
4.184936638921499252e-03
1.427581440657377243e-02
1.448544207960367203e-02
1.448544207960367203e-02
1.448543928563594818e-02
1.448543928563594818e-02
1.513354480266571045e-02
1.993337273597717285e-02
2.729094401001930237e-02
1.190651301294565201e-02
1.174737047404050827e-02
1.174736861139535904e-02
1.174737140536308289e-02
1.174736861139535904e-02
1.100999116897583008e-02
1.673212461173534393e-02
2.652275003492832184e-02
1.100792549550533295e-02
1.077629625797271729e-02
1.077629439532756805e-02
1.077629998326301575e-02
1.077629718929529190e-02
1.014694292098283768e-02
1.444601919502019882e-02
5.714174360036849976e-02
4.045944660902023315e-02
4.013384878635406494e-02
4.013384878635406494e-02
4.013385623693466187e-02
4.013385623693466187e-02
3.812775388360023499e-02
7.194390892982482910e-02
1.107571180909872055e-02
6.774130742996931076e-03
7.177966646850109100e-03
7.177963852882385254e-03
7.177963852882385254e-03
7.177966181188821793e-03
7.061901502311229706e-03
1.174983382225036621e-02
2.102010138332843781e-02
1.183183491230010986e-02
1.164938323199748993e-02
1.164938323199748993e-02
1.164938416332006454e-02
1.164938416332006454e-02
1.190115325152873993e-02
9.272280149161815643e-03
2.085693553090095520e-02
1.202704384922981262e-02
1.184542663395404816e-02
1.184542663395404816e-02
1.184542663395404816e-02
1.184542663395404816e-02
1.217008568346500397e-02
9.004302322864532471e-03
7.343668490648269653e-03
1.018798910081386566e-03
1.577765215188264847e-03
1.577762421220541000e-03
1.577763352543115616e-03
1.577764516696333885e-03
1.571598579175770283e-03
1.017901697196066380e-03
5.737261474132537842e-02
8.525636792182922363e-02
8.560043573379516602e-02
8.560045063495635986e-02
8.560045063495635986e-02
8.560045063495635986e-02
8.542563766241073608e-02
7.255526632070541382e-02
1.655234210193157196e-02
4.607143253087997437e-02
4.633344337344169617e-02
4.633344337344169617e-02
4.633344337344169617e-02
4.633343964815139771e-02
4.624255374073982239e-02
3.928002715110778809e-02
1.824987493455410004e-02
4.753839969635009766e-02
4.782080277800559998e-02
4.782081022858619690e-02
4.782081022858619690e-02
4.782081022858619690e-02
4.765472933650016785e-02
4.087126627564430237e-02
2.558461390435695648e-02
1.570760086178779602e-02
1.478773634880781174e-02
1.478773634880781174e-02
1.478773634880781174e-02
1.478773914277553558e-02
1.543871127068996429e-02
4.539830260910093784e-04
9.092613123357295990e-03
7.533194962888956070e-03
8.321681991219520569e-03
8.321683853864669800e-03
8.321683853864669800e-03
8.321681059896945953e-03
8.290811441838741302e-03
1.396179082803428173e-03
2.424013428390026093e-02
2.901367656886577606e-02
2.807152271270751953e-02
2.807152271270751953e-02
2.807152271270751953e-02
2.807152271270751953e-02
2.747309580445289612e-02
5.004085972905158997e-02
2.322666533291339874e-02
2.784383110702037811e-02
2.691313810646533966e-02
2.691313810646533966e-02
2.691313251852989197e-02
2.691313810646533966e-02
2.634783647954463959e-02
4.946340620517730713e-02
4.622457176446914673e-02
4.609042406082153320e-02
4.593833908438682556e-02
4.593833908438682556e-02
4.593833908438682556e-02
4.593833908438682556e-02
4.540164768695831299e-02
5.995082855224609375e-02
4.313385859131813049e-02
2.634365670382976532e-02
2.741269394755363464e-02
2.741269581019878387e-02
2.741269394755363464e-02
2.741269581019878387e-02
2.690316177904605865e-02
3.835019841790199280e-02
3.612501546740531921e-02
2.824576571583747864e-02
2.877646498382091522e-02
2.877646498382091522e-02
2.877646498382091522e-02
2.877646125853061676e-02
2.790628559887409210e-02
3.977639228105545044e-02
3.636474907398223877e-02
2.827568165957927704e-02
2.879804931581020355e-02
2.879804931581020355e-02
2.879804931581020355e-02
2.879804931581020355e-02
2.794809453189373016e-02
3.970431163907051086e-02
4.436217993497848511e-02
3.699575737118721008e-02
3.757675737142562866e-02
3.757675737142562866e-02
3.757675737142562866e-02
3.757675737142562866e-02
3.657550737261772156e-02
5.190115794539451599e-02
8.748337626457214355e-02
4.567181318998336792e-02
4.785960167646408081e-02
4.785959422588348389e-02
4.785959050059318542e-02
4.785960167646408081e-02
4.643635824322700500e-02
9.736257791519165039e-02
6.995107233524322510e-02
2.865936048328876495e-02
3.087996877729892731e-02
3.087997063994407654e-02
3.087996877729892731e-02
3.087996877729892731e-02
3.003028035163879395e-02
7.241757959127426147e-02
7.006108760833740234e-02
2.875096350908279419e-02
3.100167959928512573e-02
3.100166469812393188e-02
3.100167214870452881e-02
3.100167587399482727e-02
3.017511405050754547e-02
7.281377911567687988e-02
6.058578193187713623e-02
3.597012907266616821e-02
3.777150809764862061e-02
3.777150809764862061e-02
3.777150437235832214e-02
3.777150809764862061e-02
3.728597983717918396e-02
8.217767626047134399e-02
8.117948309518396854e-04
1.204558089375495911e-02
1.261488348245620728e-02
1.261488627642393112e-02
1.261488627642393112e-02
1.261488348245620728e-02
1.302086096256971359e-02
3.197371214628219604e-02
9.559631347656250000e-03
3.694216255098581314e-03
4.464223980903625488e-03
4.464223980903625488e-03
4.464223515242338181e-03
4.464223049581050873e-03
4.958915989845991135e-03
3.524577617645263672e-02
9.547482244670391083e-03
3.195205936208367348e-03
3.933638334274291992e-03
3.933639265596866608e-03
3.933637868613004684e-03
3.933641128242015839e-03
4.438685253262519836e-03
3.462973237037658691e-02
4.102252423763275146e-02
2.512911893427371979e-02
2.536384202539920807e-02
2.536384202539920807e-02
2.536384202539920807e-02
2.536385133862495422e-02
2.397280745208263397e-02
8.625918626785278320e-02
2.919384464621543884e-02
1.626246795058250427e-02
1.662860810756683350e-02
1.662860810756683350e-02
1.662861183285713196e-02
1.662860810756683350e-02
1.650435663759708405e-02
2.258236706256866455e-02
4.620560258626937866e-02
2.703498862683773041e-02
2.779291197657585144e-02
2.779291011393070221e-02
2.779291570186614990e-02
2.779291011393070221e-02
2.768017351627349854e-02
3.212571889162063599e-02
4.629556462168693542e-02
2.742467634379863739e-02
2.828560397028923035e-02
2.828559838235378265e-02
2.828560397028923035e-02
2.828560024499893188e-02
2.810628339648246765e-02
3.274975344538688660e-02
5.069562047719955444e-02
4.417581111192703247e-02
4.567716643214225769e-02
4.567716270685195923e-02
4.567716270685195923e-02
4.567715898156166077e-02
4.492643103003501892e-02
4.757424816489219666e-02
4.507092386484146118e-02
3.273432143032550812e-03
2.345656510442495346e-03
2.345657441765069962e-03
2.345656044781208038e-03
2.345659537240862846e-03
2.112228889018297195e-03
2.214365452527999878e-02
3.803011402487754822e-02
1.267180498689413071e-02
1.158469915390014648e-02
1.158469635993242264e-02
1.158469635993242264e-02
1.158469635993242264e-02
1.141640543937683105e-02
3.193922713398933411e-02
3.713788092136383057e-02
1.308083534240722656e-02
1.197795290499925613e-02
1.197795383632183075e-02
1.197795383632183075e-02
1.197795663028955460e-02
1.180829759687185287e-02
3.242641314864158630e-02
8.580657094717025757e-02
2.398541569709777832e-02
2.539888024330139160e-02
2.539888024330139160e-02
2.539888396859169006e-02
2.539888024330139160e-02
2.592302858829498291e-02
3.383098635822534561e-03
6.344880908727645874e-02
3.748979046940803528e-02
3.781340643763542175e-02
3.781340643763542175e-02
3.781340643763542175e-02
3.781340643763542175e-02
3.650208935141563416e-02
7.276700437068939209e-02
3.921972215175628662e-02
8.706212975084781647e-03
9.403613395988941193e-03
9.403611533343791962e-03
9.403615258634090424e-03
9.403614327311515808e-03
8.121981285512447357e-03
3.805162757635116577e-02
3.860776126384735107e-02
8.792172186076641083e-03
9.485593065619468689e-03
9.485593065619468689e-03
9.485594928264617920e-03
9.485594928264617920e-03
8.187602274119853973e-03
3.828344494104385376e-02
9.169817715883255005e-02
5.009074136614799500e-02
5.117373168468475342e-02
5.117372423410415649e-02
5.117373168468475342e-02
5.117372423410415649e-02
4.941068589687347412e-02
8.401218801736831665e-02
2.131771761924028397e-03
3.744489699602127075e-02
3.626161813735961914e-02
3.626162186264991760e-02
3.626161441206932068e-02
3.626161813735961914e-02
3.596645966172218323e-02
6.373175233602523804e-02
7.321572396904230118e-03
3.865882009267807007e-02
3.767962753772735596e-02
3.767962753772735596e-02
3.767962753772735596e-02
3.767962753772735596e-02
3.816240653395652771e-02
4.714190587401390076e-02
7.824397645890712738e-03
3.910920768976211548e-02
3.808904811739921570e-02
3.808904811739921570e-02
3.808904811739921570e-02
3.808904811739921570e-02
3.849705681204795837e-02
4.853217303752899170e-02
2.932611666619777679e-02
6.358327344059944153e-03
4.947580397129058838e-03
4.947584122419357300e-03
4.947580397129058838e-03
4.947582725435495377e-03
6.235506385564804077e-03
1.100552920252084732e-02
8.206630125641822815e-03
2.766361087560653687e-02
2.718906290829181671e-02
2.718906477093696594e-02
2.718906290829181671e-02
2.718906290829181671e-02
2.654665708541870117e-02
7.114119827747344971e-02
3.632258996367454529e-02
2.876656595617532730e-03
3.134628525003790855e-03
3.134630154818296432e-03
3.134628525003790855e-03
3.134627128019928932e-03
2.690298017114400864e-03
2.580446191132068634e-02
3.548318147659301758e-02
2.114289440214633942e-03
2.378942212089896202e-03
2.378940815106034279e-03
2.378942212089896202e-03
2.378939185291528702e-03
2.018697094172239304e-03
2.755312062799930573e-02
6.703194975852966309e-02
2.713463827967643738e-02
2.774749137461185455e-02
2.774749882519245148e-02
2.774749882519245148e-02
2.774748951196670532e-02
2.720458991825580597e-02
2.545740455389022827e-03
5.114605650305747986e-02
3.072309680283069611e-02
3.191840648651123047e-02
3.191840648651123047e-02
3.191840648651123047e-02
3.191840648651123047e-02
3.200247511267662048e-02
2.923747338354587555e-02
2.227284200489521027e-02
5.681674927473068237e-03
6.790490821003913879e-03
6.790490821003913879e-03
6.790490821003913879e-03
6.790489424020051956e-03
6.213233806192874908e-03
8.607146330177783966e-03
2.242673374712467194e-02
5.994121078401803970e-03
7.124641444534063339e-03
7.124644238501787186e-03
7.124644238501787186e-03
7.124638184905052185e-03
6.584761198610067368e-03
9.210919030010700226e-03
2.704811468720436096e-02
1.195144467055797577e-02
1.313805580139160156e-02
1.313806232064962387e-02
1.313806232064962387e-02
1.313805580139160156e-02
1.262140460312366486e-02
1.022019051015377045e-02
3.609203919768333435e-02
5.842539481818675995e-03
5.813567433506250381e-03
5.813571158796548843e-03
5.813566036522388458e-03
5.813568364828824997e-03
6.258575245738029480e-03
1.503054983913898468e-02
2.256515435874462128e-02
1.174792647361755371e-02
1.123773586004972458e-02
1.123773586004972458e-02
1.123773586004972458e-02
1.123773958534002304e-02
1.063124090433120728e-02
2.227263757959008217e-03
2.241937257349491119e-02
1.117173396050930023e-02
1.067794859409332275e-02
1.067794300615787506e-02
1.067794859409332275e-02
1.067794859409332275e-02
1.017896458506584167e-02
1.740858191624283791e-03
9.590503759682178497e-03
4.834121838212013245e-02
4.766881838440895081e-02
4.766881838440895081e-02
4.766881838440895081e-02
4.766882583498954773e-02
4.736136272549629211e-02
3.682017698884010315e-02
8.780844509601593018e-02
4.947415739297866821e-02
4.996669292449951172e-02
4.996669292449951172e-02
4.996669292449951172e-02
4.996669292449951172e-02
4.783955588936805725e-02
1.213032230734825134e-01
6.586643867194652557e-03
2.137672528624534607e-02
2.172423154115676880e-02
2.172422967851161957e-02
2.172423340380191803e-02
2.172423154115676880e-02
2.274933829903602600e-02
1.897029392421245575e-02
4.932474810630083084e-03
2.045634388923645020e-02
2.079485356807708740e-02
2.079484984278678894e-02
2.079485356807708740e-02
2.079485356807708740e-02
2.187812142074108124e-02
2.020223066210746765e-02
1.158348657190799713e-02
1.721194200217723846e-02
1.769832149147987366e-02
1.769831962883472443e-02
1.769832149147987366e-02
1.769832149147987366e-02
1.873261667788028717e-02
2.408121153712272644e-02
1.369158830493688583e-02
1.337357889860868454e-02
1.311436109244823456e-02
1.311436109244823456e-02
1.311436295509338379e-02
1.311436295509338379e-02
1.214200258255004883e-02
3.897529095411300659e-02
1.342657301574945450e-02
1.174845453351736069e-02
1.127037871628999710e-02
1.127037871628999710e-02
1.127038057893514633e-02
1.127038151025772095e-02
9.921134449541568756e-03
3.748888149857521057e-02
1.352897007018327713e-02
1.174302306026220322e-02
1.126629859209060669e-02
1.126629859209060669e-02
1.126629859209060669e-02
1.126630045473575592e-02
9.987206198275089264e-03
3.745380416512489319e-02
8.847464807331562042e-03
8.720763958990573883e-03
8.146821521222591400e-03
8.146819658577442169e-03
8.146816864609718323e-03
8.146819658577442169e-03
7.488301955163478851e-03
2.910583280026912689e-02
3.086164407432079315e-02
2.111402340233325958e-02
2.182602137327194214e-02
2.182602137327194214e-02
2.182602323591709137e-02
2.182602137327194214e-02
2.267923764884471893e-02
3.140571340918540955e-02
1.430592965334653854e-02
9.813687764108181000e-03
1.037243288010358810e-02
1.037243008613586426e-02
1.037243567407131195e-02
1.037243288010358810e-02
1.148145552724599838e-02
4.855632036924362183e-02
1.533653400838375092e-02
1.055156160145998001e-02
1.111709792166948318e-02
1.111709419637918472e-02
1.111709792166948318e-02
1.111709419637918472e-02
1.214600633829832077e-02
4.724494740366935730e-02
6.806000135838985443e-03
4.058488993905484676e-04
1.009901869110763073e-03
1.009902800433337688e-03
1.009904430247843266e-03
1.009901054203510284e-03
2.393845235928893089e-03
7.236307859420776367e-02
9.504036046564579010e-03
2.715535520110279322e-04
4.862069090449949726e-06
4.861817615164909512e-06
4.861065008299192414e-06
4.861065008299192414e-06
9.898046264424920082e-04
1.688497699797153473e-02
6.262043956667184830e-03
9.696116670966148376e-03
9.691094048321247101e-03
9.691094048321247101e-03
9.691091254353523254e-03
9.691093116998672485e-03
1.040536537766456604e-02
1.245141215622425079e-02
6.505704019218683243e-03
9.788515977561473846e-03
9.846068918704986572e-03
9.846066124737262726e-03
9.846066124737262726e-03
9.846066124737262726e-03
1.050102151930332184e-02
1.206052862107753754e-02
1.747298240661621094e-02
1.691585988737642765e-03
2.029191702604293823e-03
2.029192633926868439e-03
2.029191702604293823e-03
2.029192401096224785e-03
1.331570209003984928e-03
2.269472554326057434e-02
1.402136217802762985e-02
1.938852295279502869e-02
1.906743086874485016e-02
1.906743086874485016e-02
1.906743086874485016e-02
1.906743086874485016e-02
1.910826005041599274e-02
2.183667756617069244e-02
1.696255616843700409e-02
1.044225692749023438e-02
1.039438135921955109e-02
1.039438415318727493e-02
1.039438229054212570e-02
1.039438229054212570e-02
1.060595456510782242e-02
9.592656046152114868e-03
1.783014461398124695e-02
1.020999345928430557e-02
1.009869482368230820e-02
1.009869482368230820e-02
1.009869296103715897e-02
1.009869389235973358e-02
1.041181199252605438e-02
8.269508369266986847e-03
1.558692567050457001e-02
1.285653002560138702e-02
1.288954820483922958e-02
1.288955006748437881e-02
1.288954820483922958e-02
1.288954727351665497e-02
1.207611802965402603e-02
2.515877969563007355e-02
9.335041046142578125e-02
1.751939579844474792e-02
1.920771971344947815e-02
1.920771785080432892e-02
1.920771971344947815e-02
1.920771971344947815e-02
1.968804001808166504e-02
1.316151674836874008e-02
6.225861236453056335e-02
5.560425110161304474e-03
4.190970212221145630e-03
4.190970212221145630e-03
4.190970212221145630e-03
4.190968349575996399e-03
3.825708059594035149e-03
8.867160417139530182e-03
6.300406157970428467e-02
5.371456034481525421e-03
3.960439935326576233e-03
3.960439935326576233e-03
3.960439004004001617e-03
3.960439935326576233e-03
3.489605383947491646e-03
8.983473293483257294e-03
5.452897772192955017e-02
1.134041044861078262e-02
1.022160425782203674e-02
1.022160146385431290e-02
1.022160425782203674e-02
1.022160425782203674e-02
1.016569696366786957e-02
3.508593188598752022e-03
1.345391422510147095e-01
5.672327056527137756e-02
6.003144755959510803e-02
6.003145501017570496e-02
6.003145873546600342e-02
6.003144755959510803e-02
5.869251862168312073e-02
9.748435020446777344e-02
7.428924739360809326e-02
1.611128076910972595e-02
1.849234476685523987e-02
1.849234662950038910e-02
1.849234849214553833e-02
1.849234290421009064e-02
1.784636080265045166e-02
3.524272143840789795e-02
7.536708563566207886e-02
1.717261411249637604e-02
1.969229616224765778e-02
1.969229616224765778e-02
1.969229988753795624e-02
1.969229616224765778e-02
1.901040598750114441e-02
3.594949468970298767e-02
9.412598609924316406e-02
3.031248971819877625e-02
3.280715644359588623e-02
3.280716016888618469e-02
3.280715644359588623e-02
3.280715644359588623e-02
3.151585161685943604e-02
5.081127583980560303e-02
6.536101549863815308e-02
5.723428726196289062e-02
5.794865265488624573e-02
5.794865265488624573e-02
5.794865265488624573e-02
5.794865265488624573e-02
5.793415755033493042e-02
6.304112821817398071e-02
5.492199584841728210e-02
5.550380796194076538e-02
5.573759973049163818e-02
5.573760345578193665e-02
5.573759227991104126e-02
5.573759227991104126e-02
5.545261874794960022e-02
5.618140846490859985e-02
5.465712398290634155e-02
5.501881986856460571e-02
5.526706576347351074e-02
5.526706576347351074e-02
5.526706576347351074e-02
5.526706576347351074e-02
5.494873970746994019e-02
5.606139823794364929e-02
5.330216139554977417e-02
5.735993385314941406e-02
5.748414248228073120e-02
5.748413503170013428e-02
5.748413503170013428e-02
5.748413503170013428e-02
5.745388567447662354e-02
4.794508218765258789e-02
2.586543560028076172e-02
1.127616735175251961e-03
1.921496703289449215e-03
1.921498216688632965e-03
1.921496703289449215e-03
1.921498216688632965e-03
2.075036987662315369e-03
5.343419965356588364e-03
2.993104048073291779e-02
1.830963231623172760e-02
1.869817450642585754e-02
1.869817450642585754e-02
1.869817450642585754e-02
1.869817450642585754e-02
1.802970841526985168e-02
1.669746637344360352e-02
3.036808781325817108e-02
1.860262081027030945e-02
1.901302672922611237e-02
1.901302672922611237e-02
1.901302672922611237e-02
1.901302672922611237e-02
1.834265701472759247e-02
1.670046336948871613e-02
1.845064759254455566e-02
1.472752261906862259e-02
1.515724416822195053e-02
1.515724603086709976e-02
1.515724603086709976e-02
1.515724603086709976e-02
1.424346957355737686e-02
1.714643277227878571e-02
2.139878459274768829e-02
2.244396891910582781e-04
1.158597588073462248e-04
1.158572194981388748e-04
1.158555242000147700e-04
1.158555242000147700e-04
2.718033465498592705e-05
2.006546221673488617e-02
1.664856262505054474e-02
3.910737577825784683e-03
4.453443456441164017e-03
4.453444387763738632e-03
4.453447647392749786e-03
4.453447647392749786e-03
4.322533030062913895e-03
1.492893043905496597e-02
1.758012920618057251e-02
4.996028728783130646e-03
5.592925474047660828e-03
5.592926871031522751e-03
5.592930130660533905e-03
5.592930130660533905e-03
5.433479323983192444e-03
1.321158185601234436e-02
3.271431475877761841e-02
3.748812153935432434e-02
3.750082850456237793e-02
3.750082850456237793e-02
3.750082850456237793e-02
3.750082850456237793e-02
3.609489649534225464e-02
6.937377154827117920e-02
6.234079599380493164e-03
1.715752668678760529e-02
1.701490022242069244e-02
1.701490022242069244e-02
1.701490022242069244e-02
1.701490022242069244e-02
1.733138225972652435e-02
2.697131782770156860e-02
2.662809193134307861e-02
1.344826444983482361e-02
1.354650687426328659e-02
1.354650687426328659e-02
1.354650687426328659e-02
1.354650687426328659e-02
1.340710278600454330e-02
4.735501483082771301e-03
2.638278529047966003e-02
1.306456048041582108e-02
1.308773178607225418e-02
1.308773458003997803e-02
1.308773458003997803e-02
1.308773458003997803e-02
1.298386882990598679e-02
3.806002438068389893e-03
2.187428623437881470e-02
5.505969282239675522e-03
5.283352918922901154e-03
5.283354315906763077e-03
5.283352918922901154e-03
5.283354315906763077e-03
4.575671628117561340e-03
5.789001937955617905e-03
6.527076475322246552e-03
1.511241402477025986e-02
1.451171934604644775e-02
1.451172307133674622e-02
1.451171934604644775e-02
1.451172307133674622e-02
1.382159814238548279e-02
4.247685149312019348e-02
6.345742847770452499e-03
1.035703253000974655e-02
1.020232494920492172e-02
1.020232494920492172e-02
1.020232308655977249e-02
1.020232494920492172e-02
9.482604451477527618e-03
4.101053252816200256e-02
6.757939234375953674e-03
1.003867853432893753e-02
9.897022508084774017e-03
9.897022508084774017e-03
9.897022508084774017e-03
9.897025302052497864e-03
9.165136143565177917e-03
4.064050689339637756e-02
4.263972397893667221e-03
1.265402603894472122e-02
1.268290355801582336e-02
1.268290635198354721e-02
1.268290355801582336e-02
1.268290635198354721e-02
1.210301928222179413e-02
4.688192158937454224e-02
5.951719358563423157e-02
4.511283710598945618e-02
4.440928995609283447e-02
4.440928623080253601e-02
4.440928623080253601e-02
4.440928995609283447e-02
4.378100484609603882e-02
8.213907480239868164e-02
4.764970764517784119e-02
2.908731065690517426e-02
2.914968505501747131e-02
2.914968505501747131e-02
2.914968505501747131e-02
2.914968878030776978e-02
2.771856263279914856e-02
6.309802830219268799e-02
4.862042143940925598e-02
2.970902435481548309e-02
2.967683225870132446e-02
2.967682667076587677e-02
2.967683225870132446e-02
2.967683225870132446e-02
2.812821790575981140e-02
6.319629400968551636e-02
4.260971769690513611e-02
2.317465096712112427e-02
2.316611260175704956e-02
2.316611260175704956e-02
2.316611260175704956e-02
2.316611632704734802e-02
2.145095169544219971e-02
6.173072755336761475e-02
1.624607481062412262e-02
8.524990640580654144e-03
8.447986096143722534e-03
8.447986096143722534e-03
8.447986096143722534e-03
8.447987958788871765e-03
9.383318945765495300e-03
1.944408938288688660e-02
1.221103686839342117e-02
6.347853690385818481e-03
6.298338528722524643e-03
6.298337131738662720e-03
6.298337131738662720e-03
6.298333872109651566e-03
6.923347245901823044e-03
1.445092260837554932e-02
1.104836910963058472e-02
6.987845059484243393e-03
6.988219916820526123e-03
6.988217122852802277e-03
6.988218519836664200e-03
6.988217122852802277e-03
7.632067892700433731e-03
1.525889337062835693e-02
6.450957804918289185e-02
4.645501077175140381e-02
4.734748229384422302e-02
4.734748974442481995e-02
4.734748229384422302e-02
4.734749346971511841e-02
4.655818268656730652e-02
3.856723755598068237e-02
5.135054513812065125e-02
3.081285580992698669e-02
3.056936897337436676e-02
3.056937083601951599e-02
3.056936897337436676e-02
3.056937083601951599e-02
3.169587254524230957e-02
1.079790759831666946e-02
2.641998603940010071e-02
1.065312512218952179e-02
9.983816184103488922e-03
9.983816184103488922e-03
9.983816184103488922e-03
9.983815252780914307e-03
1.176729984581470490e-02
1.457911916077136993e-02
2.665186673402786255e-02
1.082179974764585495e-02
1.015320792794227600e-02
1.015320792794227600e-02
1.015320792794227600e-02
1.015320699661970139e-02
1.192820817232131958e-02
1.383695472031831741e-02
2.740802243351936340e-02
6.922199390828609467e-03
6.541563663631677628e-03
6.541563663631677628e-03
6.541563663631677628e-03
6.541562732309103012e-03
1.002578809857368469e-02
4.159731790423393250e-02
1.384892500936985016e-02
6.846723146736621857e-03
6.245633587241172791e-03
6.245636381208896637e-03
6.245633587241172791e-03
6.245634052902460098e-03
6.159455049782991409e-03
3.197385231032967567e-03
1.450531929731369019e-02
2.526643313467502594e-02
2.423588559031486511e-02
2.423588745296001434e-02
2.423588559031486511e-02
2.423588559031486511e-02
2.395184896886348724e-02
2.317609451711177826e-02
1.393694709986448288e-02
2.439205162227153778e-02
2.339227311313152313e-02
2.339227311313152313e-02
2.339227311313152313e-02
2.339227125048637390e-02
2.305269427597522736e-02
2.295619249343872070e-02
2.369447238743305206e-02
4.580111056566238403e-02
4.509011656045913696e-02
4.509011656045913696e-02
4.509012401103973389e-02
4.509011656045913696e-02
4.506476968526840210e-02
3.605738282203674316e-02
9.704839438199996948e-02
5.883255973458290100e-02
5.991188436746597290e-02
5.991188436746597290e-02
5.991189554333686829e-02
5.991188436746597290e-02
5.988953262567520142e-02
6.778503954410552979e-02
2.123057842254638672e-02
5.235795862972736359e-03
5.992983002215623856e-03
5.992981139570474625e-03
5.992983002215623856e-03
5.992979742586612701e-03
5.892970133572816849e-03
5.918493960052728653e-03
2.266923151910305023e-02
6.483075674623250961e-03
7.374129258096218109e-03
7.374132517725229263e-03
7.374131120741367340e-03
7.374127861112356186e-03
7.234018296003341675e-03
7.066342514008283615e-03
3.395240753889083862e-02
1.255321502685546875e-02
1.357646565884351730e-02
1.357646472752094269e-02
1.357646472752094269e-02
1.357646565884351730e-02
1.317266095429658890e-02
1.372185070067644119e-02
